id,realDonaldTrump,HillaryClinton
0,0.362192,0.637808
1,0.197860,0.802140
2,0.025334,0.974666
3,0.095331,0.904669
4,0.804121,0.195879
5,0.205190,0.794810
6,0.164132,0.835868
7,0.108449,0.891551
8,0.231943,0.768057
9,0.766625,0.233375
10,0.971041,0.028959
11,0.226322,0.773678
12,0.216713,0.783287
13,0.319266,0.680734
14,0.240648,0.759352
15,0.966418,0.033582
16,0.829320,0.170680
17,0.753653,0.246347
18,0.204484,0.795516
19,0.980015,0.019985
20,0.323196,0.676804
21,0.190632,0.809368
22,0.115080,0.884920
23,0.633795,0.366205
24,0.561478,0.438522
25,0.132276,0.867724
26,0.907477,0.092523
27,0.075710,0.924290
28,0.249798,0.750202
29,0.223545,0.776455
30,0.410251,0.589749
31,0.211251,0.788749
32,0.282482,0.717518
33,0.361919,0.638081
34,0.434900,0.565100
35,0.597794,0.402206
36,0.183184,0.816816
37,0.238722,0.761278
38,0.480118,0.519882
39,0.176808,0.823192
40,0.118904,0.881096
41,0.165441,0.834559
42,0.132355,0.867645
43,0.794807,0.205193
44,0.482189,0.517811
45,0.494541,0.505459
46,0.237302,0.762698
47,0.496471,0.503529
48,0.612030,0.387970
49,0.042711,0.957289
50,0.540769,0.459231
51,0.368165,0.631835
52,0.448956,0.551044
53,0.590706,0.409294
54,0.428980,0.571020
55,0.185181,0.814819
56,0.056852,0.943148
57,0.279556,0.720444
58,0.739085,0.260915
59,0.411728,0.588272
60,0.015848,0.984152
61,0.627338,0.372662
62,0.248718,0.751282
63,0.090462,0.909538
64,0.169081,0.830919
65,0.098428,0.901572
66,0.472830,0.527170
67,0.237641,0.762359
68,0.045395,0.954605
69,0.835819,0.164181
70,0.702347,0.297653
71,0.191989,0.808011
72,0.182514,0.817486
73,0.153427,0.846573
74,0.079612,0.920388
75,0.345471,0.654529
76,0.120106,0.879894
77,0.473550,0.526450
78,0.486505,0.513495
79,0.177092,0.822908
80,0.189040,0.810960
81,0.137670,0.862330
82,0.078298,0.921702
83,0.016516,0.983484
84,0.035191,0.964809
85,0.087694,0.912306
86,0.875742,0.124258
87,0.370601,0.629399
88,0.111584,0.888416
89,0.092676,0.907324
90,0.192652,0.807348
91,0.284433,0.715567
92,0.112784,0.887216
93,0.981530,0.018470
94,0.981530,0.018470
95,0.321603,0.678397
96,0.563280,0.436720
97,0.623054,0.376946
98,0.175869,0.824131
99,0.160479,0.839521
100,0.088796,0.911204
101,0.422018,0.577982
102,0.621254,0.378746
103,0.082093,0.917907
104,0.229986,0.770014
105,0.223168,0.776832
106,0.223136,0.776864
107,0.810370,0.189630
108,0.569305,0.430695
109,0.238180,0.761820
110,0.274760,0.725240
111,0.223820,0.776180
112,0.584498,0.415502
113,0.394618,0.605382
114,0.093291,0.906709
115,0.270434,0.729566
116,0.476218,0.523782
117,0.638134,0.361866
118,0.438241,0.561759
119,0.190741,0.809259
120,0.785271,0.214729
121,0.344329,0.655671
122,0.063904,0.936096
123,0.241342,0.758658
124,0.421999,0.578001
125,0.126540,0.873460
126,0.648382,0.351618
127,0.960216,0.039784
128,0.853629,0.146371
129,0.168952,0.831048
130,0.072494,0.927506
131,0.485075,0.514925
132,0.156814,0.843186
133,0.197787,0.802213
134,0.246175,0.753825
135,0.122053,0.877947
136,0.931903,0.068097
137,0.614117,0.385883
138,0.278904,0.721096
139,0.651635,0.348365
140,0.880958,0.119042
141,0.209332,0.790668
142,0.148045,0.851955
143,0.071409,0.928591
144,0.215026,0.784974
145,0.721208,0.278792
146,0.414312,0.585688
147,0.692627,0.307373
148,0.602190,0.397810
149,0.350192,0.649808
150,0.706557,0.293443
151,0.470815,0.529185
152,0.752879,0.247121
153,0.978581,0.021419
154,0.629719,0.370281
155,0.940973,0.059027
156,0.554902,0.445098
157,0.158930,0.841070
158,0.187915,0.812085
159,0.906347,0.093653
160,0.076045,0.923955
161,0.493573,0.506427
162,0.122079,0.877921
163,0.205475,0.794525
164,0.094783,0.905217
165,0.124694,0.875306
166,0.323262,0.676738
167,0.709207,0.290793
168,0.226925,0.773075
169,0.395724,0.604276
170,0.771466,0.228534
171,0.061726,0.938274
172,0.894513,0.105487
173,0.242149,0.757851
174,0.967938,0.032062
175,0.367872,0.632128
176,0.385546,0.614454
177,0.332367,0.667633
178,0.432043,0.567957
179,0.549090,0.450910
180,0.022665,0.977335
181,0.015535,0.984465
182,0.050309,0.949691
183,0.187047,0.812953
184,0.498804,0.501196
185,0.375238,0.624762
186,0.863260,0.136740
187,0.395255,0.604745
188,0.241313,0.758687
189,0.124791,0.875209
190,0.399161,0.600839
191,0.427064,0.572936
192,0.043725,0.956275
193,0.675797,0.324203
194,0.720760,0.279240
195,0.435167,0.564833
196,0.014734,0.985266
197,0.183654,0.816346
198,0.509821,0.490179
199,0.249404,0.750596
200,0.831476,0.168524
201,0.643253,0.356747
202,0.818306,0.181694
203,0.584824,0.415176
204,0.197796,0.802204
205,0.378743,0.621257
206,0.632065,0.367935
207,0.053338,0.946662
208,0.099812,0.900188
209,0.048333,0.951667
210,0.071061,0.928939
211,0.341206,0.658794
212,0.431200,0.568800
213,0.457840,0.542160
214,0.197490,0.802510
215,0.409110,0.590890
216,0.291500,0.708500
217,0.494150,0.505850
218,0.023674,0.976326
219,0.192145,0.807855
220,0.162937,0.837063
221,0.304074,0.695926
222,0.084867,0.915133
223,0.480490,0.519510
224,0.689328,0.310672
225,0.666089,0.333911
226,0.396533,0.603467
227,0.299256,0.700744
228,0.396903,0.603097
229,0.075543,0.924457
230,0.290826,0.709174
231,0.867790,0.132210
232,0.353638,0.646362
233,0.583453,0.416547
234,0.189661,0.810339
235,0.333537,0.666463
236,0.741751,0.258249
237,0.528289,0.471711
238,0.070741,0.929259
239,0.534504,0.465496
240,0.907075,0.092925
241,0.517531,0.482469
242,0.480029,0.519971
243,0.157676,0.842324
244,0.557862,0.442138
245,0.023707,0.976293
246,0.166880,0.833120
247,0.972914,0.027086
248,0.221130,0.778870
249,0.010502,0.989498
250,0.228576,0.771424
251,0.099170,0.900830
252,0.185903,0.814097
253,0.049118,0.950882
254,0.252340,0.747660
255,0.016013,0.983987
256,0.673317,0.326683
257,0.149104,0.850896
258,0.255802,0.744198
259,0.146208,0.853792
260,0.208514,0.791486
261,0.396483,0.603517
262,0.616335,0.383665
263,0.048487,0.951513
264,0.343312,0.656688
265,0.493584,0.506416
266,0.131139,0.868861
267,0.523818,0.476182
268,0.315992,0.684008
269,0.617510,0.382490
270,0.601172,0.398828
271,0.379148,0.620852
272,0.683053,0.316947
273,0.314937,0.685063
274,0.156086,0.843914
275,0.368000,0.632000
276,0.823047,0.176953
277,0.450037,0.549963
278,0.909715,0.090285
279,0.249845,0.750155
280,0.666262,0.333738
281,0.327367,0.672633
282,0.051970,0.948030
283,0.412018,0.587982
284,0.249236,0.750764
285,0.567930,0.432070
286,0.452480,0.547520
287,0.565853,0.434147
288,0.218687,0.781313
289,0.420119,0.579881
290,0.603397,0.396603
291,0.297432,0.702568
292,0.211093,0.788907
293,0.247854,0.752146
294,0.244461,0.755539
295,0.188912,0.811088
296,0.604106,0.395894
297,0.762693,0.237307
298,0.134240,0.865760
299,0.200801,0.799199
300,0.179389,0.820611
301,0.559857,0.440143
302,0.294148,0.705852
303,0.633187,0.366813
304,0.374696,0.625304
305,0.563932,0.436068
306,0.314636,0.685364
307,0.097840,0.902160
308,0.757596,0.242404
309,0.580734,0.419266
310,0.413251,0.586749
311,0.560408,0.439592
312,0.675925,0.324075
313,0.247166,0.752834
314,0.497962,0.502038
315,0.437123,0.562877
316,0.157940,0.842060
317,0.470801,0.529199
318,0.520173,0.479827
319,0.238060,0.761940
320,0.248113,0.751887
321,0.370428,0.629572
322,0.504285,0.495715
323,0.291797,0.708203
324,0.101475,0.898525
325,0.670150,0.329850
326,0.922015,0.077985
327,0.688234,0.311766
328,0.045910,0.954090
329,0.301268,0.698732
330,0.996943,0.003057
331,0.209299,0.790701
332,0.347073,0.652927
333,0.066711,0.933289
334,0.222238,0.777762
335,0.405453,0.594547
336,0.405894,0.594106
337,0.616319,0.383681
338,0.189661,0.810339
339,0.822204,0.177796
340,0.742040,0.257960
341,0.092462,0.907538
342,0.693944,0.306056
343,0.722726,0.277274
344,0.057630,0.942370
345,0.073331,0.926669
346,0.765385,0.234615
347,0.083096,0.916904
348,0.408638,0.591362
349,0.654561,0.345439
350,0.457933,0.542067
351,0.258919,0.741081
352,0.671709,0.328291
353,0.452899,0.547101
354,0.788006,0.211994
355,0.806432,0.193568
356,0.312242,0.687758
357,0.273115,0.726885
358,0.312788,0.687212
359,0.513590,0.486410
360,0.321110,0.678890
361,0.381391,0.618609
362,0.426861,0.573139
363,0.206989,0.793011
364,0.392788,0.607212
365,0.229823,0.770177
366,0.177418,0.822582
367,0.477929,0.522071
368,0.104066,0.895934
369,0.622865,0.377135
370,0.188232,0.811768
371,0.077674,0.922326
372,0.686000,0.314000
373,0.042005,0.957995
374,0.903742,0.096258
375,0.631312,0.368688
376,0.051574,0.948426
377,0.671628,0.328372
378,0.883558,0.116442
379,0.389219,0.610781
380,0.881819,0.118181
381,0.394245,0.605755
382,0.838354,0.161646
383,0.400329,0.599671
384,0.237790,0.762210
385,0.352789,0.647211
386,0.251569,0.748431
387,0.132410,0.867590
388,0.132016,0.867984
389,0.352105,0.647895
390,0.266561,0.733439
391,0.633642,0.366358
392,0.254100,0.745900
393,0.679774,0.320226
394,0.083395,0.916605
395,0.996943,0.003057
396,0.280927,0.719073
397,0.575725,0.424275
398,0.153786,0.846214
399,0.285802,0.714198
400,0.049608,0.950392
401,0.301127,0.698873
402,0.166581,0.833419
403,0.924759,0.075241
404,0.925500,0.074500
405,0.267987,0.732013
406,0.970602,0.029398
407,0.119208,0.880792
408,0.996943,0.003057
409,0.174816,0.825184
410,0.407790,0.592210
411,0.347411,0.652589
412,0.061184,0.938816
413,0.176481,0.823519
414,0.296187,0.703813
415,0.936592,0.063408
416,0.671628,0.328372
417,0.996943,0.003057
418,0.131483,0.868517
419,0.778624,0.221376
420,0.374048,0.625952
421,0.341691,0.658309
422,0.898636,0.101364
423,0.698232,0.301768
424,0.172506,0.827494
425,0.530756,0.469244
426,0.114808,0.885192
427,0.637914,0.362086
428,0.077643,0.922357
429,0.359005,0.640995
430,0.185674,0.814326
431,0.462290,0.537710
432,0.365296,0.634704
433,0.585370,0.414630
434,0.352126,0.647874
435,0.293211,0.706789
436,0.697917,0.302083
437,0.481760,0.518240
438,0.407738,0.592262
439,0.116594,0.883406
440,0.527982,0.472018
441,0.029182,0.970818
442,0.368472,0.631528
443,0.289137,0.710863
444,0.414833,0.585167
445,0.277368,0.722632
446,0.108850,0.891150
447,0.981530,0.018470
448,0.572515,0.427485
449,0.253403,0.746597
450,0.217553,0.782447
451,0.545859,0.454141
452,0.813035,0.186965
453,0.077324,0.922676
454,0.926507,0.073493
455,0.996943,0.003057
456,0.022712,0.977288
457,0.231056,0.768944
458,0.537485,0.462515
459,0.445206,0.554794
460,0.277752,0.722248
461,0.077232,0.922768
462,0.636231,0.363769
463,0.193637,0.806363
464,0.496843,0.503157
465,0.232648,0.767352
466,0.189661,0.810339
467,0.241906,0.758094
468,0.468268,0.531732
469,0.318372,0.681628
470,0.305352,0.694648
471,0.408510,0.591490
472,0.262742,0.737258
473,0.188804,0.811196
474,0.219661,0.780339
475,0.607106,0.392894
476,0.481991,0.518009
477,0.255315,0.744685
478,0.317170,0.682830
479,0.248835,0.751165
480,0.188994,0.811006
481,0.842299,0.157701
482,0.582802,0.417198
483,0.772551,0.227449
484,0.431833,0.568167
485,0.356486,0.643514
486,0.801359,0.198641
487,0.083893,0.916107
488,0.114162,0.885838
489,0.276200,0.723800
490,0.311409,0.688591
491,0.404064,0.595936
492,0.401624,0.598376
493,0.231640,0.768360
494,0.709654,0.290346
495,0.496090,0.503910
496,0.371154,0.628846
497,0.198249,0.801751
498,0.127388,0.872612
499,0.184458,0.815542
500,0.626532,0.373468
501,0.076171,0.923829
502,0.209394,0.790606
503,0.087551,0.912449
504,0.133759,0.866241
505,0.768724,0.231276
506,0.327353,0.672647
507,0.021926,0.978074
508,0.145153,0.854847
509,0.465063,0.534937
510,0.854352,0.145648
511,0.286058,0.713942
512,0.935553,0.064447
513,0.530683,0.469317
514,0.751513,0.248487
515,0.038011,0.961989
516,0.761020,0.238980
517,0.460846,0.539154
518,0.040014,0.959986
519,0.012362,0.987638
520,0.625929,0.374071
521,0.592229,0.407771
522,0.152179,0.847821
523,0.522357,0.477643
524,0.675411,0.324589
525,0.442869,0.557131
526,0.078063,0.921937
527,0.697202,0.302798
528,0.292828,0.707172
529,0.726044,0.273956
530,0.440522,0.559478
531,0.295730,0.704270
532,0.022816,0.977184
533,0.637161,0.362839
534,0.153566,0.846434
535,0.198859,0.801141
536,0.594744,0.405256
537,0.415617,0.584383
538,0.352735,0.647265
539,0.194263,0.805737
540,0.229899,0.770101
541,0.189661,0.810339
542,0.228314,0.771686
543,0.800152,0.199848
544,0.505250,0.494750
545,0.712159,0.287841
546,0.540592,0.459408
547,0.803885,0.196115
548,0.103977,0.896023
549,0.018429,0.981571
550,0.613034,0.386966
551,0.743533,0.256467
552,0.510357,0.489643
553,0.654908,0.345092
554,0.567134,0.432866
555,0.028476,0.971524
556,0.157102,0.842898
557,0.170132,0.829868
558,0.147122,0.852878
559,0.205946,0.794054
560,0.608564,0.391436
561,0.274259,0.725741
562,0.110059,0.889941
563,0.287324,0.712676
564,0.083420,0.916580
565,0.115656,0.884344
566,0.567039,0.432961
567,0.403102,0.596898
568,0.803890,0.196110
569,0.059373,0.940627
570,0.356420,0.643580
571,0.033608,0.966392
572,0.685522,0.314478
573,0.456317,0.543683
574,0.474976,0.525024
575,0.337705,0.662295
576,0.425420,0.574580
577,0.528656,0.471344
578,0.354281,0.645719
579,0.184022,0.815978
580,0.246838,0.753162
581,0.638119,0.361881
582,0.739527,0.260473
583,0.675612,0.324388
584,0.551032,0.448968
585,0.301224,0.698776
586,0.941883,0.058117
587,0.791120,0.208880
588,0.515436,0.484564
589,0.543702,0.456298
590,0.135550,0.864450
591,0.124526,0.875474
592,0.677526,0.322474
593,0.103869,0.896131
594,0.054421,0.945579
595,0.304117,0.695883
596,0.161862,0.838138
597,0.824908,0.175092
598,0.249217,0.750783
599,0.466109,0.533891
600,0.856018,0.143982
601,0.398562,0.601438
602,0.771398,0.228602
603,0.733423,0.266577
604,0.083001,0.916999
605,0.095272,0.904728
606,0.422160,0.577840
607,0.284174,0.715826
608,0.186073,0.813927
609,0.378167,0.621833
610,0.535005,0.464995
611,0.442436,0.557564
612,0.965405,0.034595
613,0.079098,0.920902
614,0.944599,0.055401
615,0.069450,0.930550
616,0.492185,0.507815
617,0.046036,0.953964
618,0.088012,0.911988
619,0.307948,0.692052
620,0.712758,0.287242
621,0.607086,0.392914
622,0.652529,0.347471
623,0.326828,0.673172
624,0.545925,0.454075
625,0.944663,0.055337
626,0.446460,0.553540
627,0.098853,0.901147
628,0.565523,0.434477
629,0.516062,0.483938
630,0.111039,0.888961
631,0.117159,0.882841
632,0.270974,0.729026
633,0.082315,0.917685
634,0.413643,0.586357
635,0.772134,0.227866
636,0.612201,0.387799
637,0.237039,0.762961
638,0.274622,0.725378
639,0.533507,0.466493
640,0.205445,0.794555
641,0.674997,0.325003
642,0.368073,0.631927
643,0.537039,0.462961
644,0.643563,0.356437
645,0.310395,0.689605
646,0.088487,0.911513
647,0.945464,0.054536
648,0.467429,0.532571
649,0.928676,0.071324
650,0.261548,0.738452
651,0.277080,0.722920
652,0.049168,0.950832
653,0.708707,0.291293
654,0.742198,0.257802
655,0.432874,0.567126
656,0.447491,0.552509
657,0.182462,0.817538
658,0.735487,0.264513
659,0.750288,0.249712
660,0.908309,0.091691
661,0.236275,0.763725
662,0.550901,0.449099
663,0.175558,0.824442
664,0.732501,0.267499
665,0.571485,0.428515
666,0.362494,0.637506
667,0.533856,0.466144
668,0.611667,0.388333
669,0.333924,0.666076
670,0.633239,0.366761
671,0.242557,0.757443
672,0.809827,0.190173
673,0.470346,0.529654
674,0.419418,0.580582
675,0.851311,0.148689
676,0.087790,0.912210
677,0.656196,0.343804
678,0.127970,0.872030
679,0.068348,0.931652
680,0.165383,0.834617
681,0.767851,0.232149
682,0.497458,0.502542
683,0.339986,0.660014
684,0.961229,0.038771
685,0.504133,0.495867
686,0.540033,0.459967
687,0.698400,0.301600
688,0.357519,0.642481
689,0.292812,0.707188
690,0.068109,0.931891
691,0.547133,0.452867
692,0.542723,0.457277
693,0.996943,0.003057
694,0.586894,0.413106
695,0.369264,0.630736
696,0.511893,0.488107
697,0.345825,0.654175
698,0.337796,0.662204
699,0.391289,0.608711
700,0.320887,0.679113
701,0.266267,0.733733
702,0.933781,0.066219
703,0.134326,0.865674
704,0.633936,0.366064
705,0.631227,0.368773
706,0.196502,0.803498
707,0.309422,0.690578
708,0.773962,0.226038
709,0.437139,0.562861
710,0.459536,0.540464
711,0.365543,0.634457
712,0.075037,0.924963
713,0.516118,0.483882
714,0.455836,0.544164
715,0.250049,0.749951
716,0.700239,0.299761
717,0.507783,0.492217
718,0.018227,0.981773
719,0.254595,0.745405
720,0.367541,0.632459
721,0.503964,0.496036
722,0.613943,0.386057
723,0.115858,0.884142
724,0.688168,0.311832
725,0.043568,0.956432
726,0.504045,0.495955
727,0.495584,0.504416
728,0.469582,0.530418
729,0.084044,0.915956
730,0.376680,0.623320
731,0.059000,0.941000
732,0.724746,0.275254
733,0.386263,0.613737
734,0.469823,0.530177
735,0.780080,0.219920
736,0.303686,0.696314
737,0.099813,0.900187
738,0.428864,0.571136
739,0.675415,0.324585
740,0.250040,0.749960
741,0.505063,0.494937
742,0.458445,0.541555
743,0.484424,0.515576
744,0.024704,0.975296
745,0.056660,0.943340
746,0.387520,0.612480
747,0.350522,0.649478
748,0.048323,0.951677
749,0.693823,0.306177
750,0.153505,0.846495
751,0.389235,0.610765
752,0.029884,0.970116
753,0.979777,0.020223
754,0.165689,0.834311
755,0.999989,0.000011
756,0.944457,0.055543
757,0.294161,0.705839
758,0.612337,0.387663
759,0.371924,0.628076
760,0.365073,0.634927
761,0.023886,0.976114
762,0.375692,0.624308
763,0.271797,0.728203
764,0.270734,0.729266
765,0.138394,0.861606
766,0.312870,0.687130
767,0.306905,0.693095
768,0.143031,0.856969
769,0.812524,0.187476
770,0.710952,0.289048
771,0.991809,0.008191
772,0.883133,0.116867
773,0.458276,0.541724
774,0.240055,0.759945
775,0.945168,0.054832
776,0.150681,0.849319
777,0.141493,0.858507
778,0.174345,0.825655
779,0.624794,0.375206
780,0.839475,0.160525
781,0.288307,0.711693
782,0.207432,0.792568
783,0.050206,0.949794
784,0.159669,0.840331
785,0.228492,0.771508
786,0.189661,0.810339
787,0.999989,0.000011
788,0.437560,0.562440
789,0.331781,0.668219
790,0.295392,0.704608
791,0.076605,0.923395
792,0.724617,0.275383
793,0.633761,0.366239
794,0.036964,0.963036
795,0.163322,0.836678
796,0.109221,0.890779
797,0.756359,0.243641
798,0.251089,0.748911
799,0.068732,0.931268
800,0.222622,0.777378
801,0.536776,0.463224
802,0.053737,0.946263
803,0.200047,0.799953
804,0.704292,0.295708
805,0.073814,0.926186
806,0.873135,0.126865
807,0.297195,0.702805
808,0.117810,0.882190
809,0.649174,0.350826
810,0.150937,0.849063
811,0.814486,0.185514
812,0.245657,0.754343
813,0.360394,0.639606
814,0.256459,0.743541
815,0.421972,0.578028
816,0.399945,0.600055
817,0.590664,0.409336
818,0.477734,0.522266
819,0.189661,0.810339
820,0.267307,0.732693
821,0.036893,0.963107
822,0.491654,0.508346
823,0.363082,0.636918
824,0.348273,0.651727
825,0.280477,0.719523
826,0.926668,0.073332
827,0.207784,0.792216
828,0.578209,0.421791
829,0.259177,0.740823
830,0.613687,0.386313
831,0.197624,0.802376
832,0.378680,0.621320
833,0.187463,0.812537
834,0.756136,0.243864
835,0.743393,0.256607
836,0.055295,0.944705
837,0.181661,0.818339
838,0.430215,0.569785
839,0.255568,0.744432
840,0.940185,0.059815
841,0.564946,0.435054
842,0.532213,0.467787
843,0.204302,0.795698
844,0.369760,0.630240
845,0.164960,0.835040
846,0.067218,0.932782
847,0.208085,0.791915
848,0.389311,0.610689
849,0.116777,0.883223
850,0.773876,0.226124
851,0.265104,0.734896
852,0.222161,0.777839
853,0.676735,0.323265
854,0.178322,0.821678
855,0.505362,0.494638
856,0.234102,0.765898
857,0.132654,0.867346
858,0.110720,0.889280
859,0.466977,0.533023
860,0.463301,0.536699
861,0.642636,0.357364
862,0.823303,0.176697
863,0.079836,0.920164
864,0.566978,0.433022
865,0.622732,0.377268
866,0.891796,0.108204
867,0.636551,0.363449
868,0.467387,0.532613
869,0.705613,0.294387
870,0.840050,0.159950
871,0.204655,0.795345
872,0.257448,0.742552
873,0.225065,0.774935
874,0.323080,0.676920
875,0.854994,0.145006
876,0.202441,0.797559
877,0.050863,0.949137
878,0.358906,0.641094
879,0.651321,0.348679
880,0.717536,0.282464
881,0.523299,0.476701
882,0.274869,0.725131
883,0.214532,0.785468
884,0.169285,0.830715
885,0.128243,0.871757
886,0.381821,0.618179
887,0.363523,0.636477
888,0.240279,0.759721
889,0.283019,0.716981
890,0.056192,0.943808
891,0.426648,0.573352
892,0.629169,0.370831
893,0.460424,0.539576
894,0.555428,0.444572
895,0.171258,0.828742
896,0.344515,0.655485
897,0.878344,0.121656
898,0.559625,0.440375
899,0.492825,0.507175
900,0.227285,0.772715
901,0.768977,0.231023
902,0.393084,0.606916
903,0.045687,0.954313
904,0.042522,0.957478
905,0.402459,0.597541
906,0.168441,0.831559
907,0.147323,0.852677
908,0.275307,0.724693
909,0.381720,0.618280
910,0.995485,0.004515
911,0.984575,0.015425
912,0.081809,0.918191
913,0.724867,0.275133
914,0.521700,0.478300
915,0.213027,0.786973
916,0.230272,0.769728
917,0.404225,0.595775
918,0.388086,0.611914
919,0.997849,0.002151
920,0.744742,0.255258
921,0.911169,0.088831
922,0.062593,0.937407
923,0.566297,0.433703
924,0.752307,0.247693
925,0.685462,0.314538
926,0.484994,0.515006
927,0.421979,0.578021
928,0.127485,0.872515
929,0.329994,0.670006
930,0.361313,0.638687
931,0.541144,0.458856
932,0.228789,0.771211
933,0.147519,0.852481
934,0.669826,0.330174
935,0.718859,0.281141
936,0.168532,0.831468
937,0.652110,0.347890
938,0.365611,0.634389
939,0.442756,0.557244
940,0.152349,0.847651
941,0.715048,0.284952
942,0.285152,0.714848
943,0.436180,0.563820
944,0.082876,0.917124
945,0.521628,0.478372
946,0.275712,0.724288
947,0.570498,0.429502
948,0.311313,0.688687
949,0.388126,0.611874
950,0.999223,0.000777
951,0.056430,0.943570
952,0.996943,0.003057
953,0.411972,0.588028
954,0.288426,0.711574
955,0.999989,0.000011
956,0.280272,0.719728
957,0.438676,0.561324
958,0.139409,0.860591
959,0.535286,0.464714
960,0.836138,0.163862
961,0.092729,0.907271
962,0.213860,0.786140
963,0.199482,0.800518
964,0.728184,0.271816
965,0.948375,0.051625
966,0.801455,0.198545
967,0.499473,0.500527
968,0.054302,0.945698
969,0.115736,0.884264
970,0.606308,0.393692
971,0.357932,0.642068
972,0.996943,0.003057
973,0.169164,0.830836
974,0.506438,0.493562
975,0.046022,0.953978
976,0.190431,0.809569
977,0.162235,0.837765
978,0.043441,0.956559
979,0.368023,0.631977
980,0.512859,0.487141
981,0.661961,0.338039
982,0.427791,0.572209
983,0.091375,0.908625
984,0.671628,0.328372
985,0.141512,0.858488
986,0.441044,0.558956
987,0.225391,0.774609
988,0.204782,0.795218
989,0.044905,0.955095
990,0.043914,0.956086
991,0.253660,0.746340
992,0.998067,0.001933
993,0.645408,0.354592
994,0.540657,0.459343
995,0.388140,0.611860
996,0.683315,0.316685
997,0.453763,0.546237
998,0.492371,0.507629
999,0.169107,0.830893
1000,0.246203,0.753797
1001,0.171797,0.828203
1002,0.095981,0.904019
1003,0.483427,0.516573
1004,0.125565,0.874435
1005,0.399824,0.600176
1006,0.236155,0.763845
1007,0.200550,0.799450
1008,0.636708,0.363292
1009,0.818867,0.181133
1010,0.769918,0.230082
1011,0.605187,0.394813
1012,0.338853,0.661147
1013,0.314355,0.685645
1014,0.042680,0.957320
1015,0.246320,0.753680
1016,0.156650,0.843350
1017,0.164141,0.835859
1018,0.187792,0.812208
1019,0.503810,0.496190
1020,0.091083,0.908917
1021,0.489651,0.510349
1022,0.106616,0.893384
1023,0.624249,0.375751
1024,0.342699,0.657301
1025,0.358214,0.641786
1026,0.322967,0.677033
1027,0.404231,0.595769
1028,0.361011,0.638989
1029,0.536880,0.463120
1030,0.522323,0.477677
1031,0.427878,0.572122
1032,0.350458,0.649542
1033,0.139960,0.860040
1034,0.583129,0.416871
1035,0.302748,0.697252
1036,0.212295,0.787705
1037,0.414666,0.585334
1038,0.094846,0.905154
1039,0.354705,0.645295
1040,0.424220,0.575780
1041,0.624176,0.375824
1042,0.228320,0.771680
1043,0.974840,0.025160
1044,0.606888,0.393112
1045,0.882252,0.117748
1046,0.414427,0.585573
1047,0.280842,0.719158
1048,0.046730,0.953270
1049,0.745493,0.254507
1050,0.999989,0.000011
1051,0.357786,0.642214
1052,0.458594,0.541406
1053,0.029383,0.970617
1054,0.736600,0.263400
1055,0.717331,0.282669
1056,0.131769,0.868231
1057,0.289399,0.710601
1058,0.523561,0.476439
1059,0.367839,0.632161
1060,0.999989,0.000011
1061,0.718329,0.281671
1062,0.434200,0.565800
1063,0.059818,0.940182
1064,0.120032,0.879968
1065,0.132803,0.867197
1066,0.267066,0.732934
1067,0.358066,0.641934
1068,0.464657,0.535343
1069,0.053725,0.946275
1070,0.285763,0.714237
1071,0.076496,0.923504
1072,0.142212,0.857788
1073,0.069531,0.930469
1074,0.418702,0.581298
1075,0.674889,0.325111
1076,0.169852,0.830148
1077,0.596903,0.403097
1078,0.347376,0.652624
1079,0.999989,0.000011
1080,0.185322,0.814678
1081,0.981773,0.018227
1082,0.376780,0.623220
1083,0.266232,0.733768
1084,0.220514,0.779486
1085,0.080418,0.919582
1086,0.328136,0.671864
1087,0.304228,0.695772
1088,0.821011,0.178989
1089,0.055927,0.944073
1090,0.257792,0.742208
1091,0.504380,0.495620
1092,0.933145,0.066855
1093,0.837285,0.162715
1094,0.958547,0.041453
1095,0.472192,0.527808
1096,0.874661,0.125339
1097,0.272223,0.727777
1098,0.330973,0.669027
1099,0.392799,0.607201
1100,0.150143,0.849857
1101,0.340771,0.659229
1102,0.328108,0.671892
1103,0.076245,0.923755
1104,0.382938,0.617062
1105,0.777655,0.222345
1106,0.622239,0.377761
1107,0.706751,0.293249
1108,0.319492,0.680508
1109,0.509746,0.490254
1110,0.157690,0.842310
1111,0.346480,0.653520
1112,0.533527,0.466473
1113,0.827592,0.172408
1114,0.512389,0.487611
1115,0.474839,0.525161
1116,0.064672,0.935328
1117,0.237275,0.762725
1118,0.330498,0.669502
1119,0.642427,0.357573
1120,0.386755,0.613245
1121,0.071762,0.928238
1122,0.041574,0.958426
1123,0.795983,0.204017
1124,0.681693,0.318307
1125,0.718176,0.281824
1126,0.739802,0.260198
1127,0.418132,0.581868
1128,0.658712,0.341288
1129,0.714559,0.285441
1130,0.111226,0.888774
1131,0.191576,0.808424
1132,0.310061,0.689939
1133,0.224037,0.775963
1134,0.265651,0.734349
1135,0.657826,0.342174
1136,0.451883,0.548117
1137,0.356973,0.643027
1138,0.076524,0.923476
1139,0.294930,0.705070
1140,0.236441,0.763559
1141,0.455289,0.544711
1142,0.793399,0.206601
1143,0.035760,0.964240
1144,0.083533,0.916467
1145,0.203901,0.796099
1146,0.563151,0.436849
1147,0.746731,0.253269
1148,0.259555,0.740445
1149,0.354561,0.645439
1150,0.948539,0.051461
1151,0.602441,0.397559
1152,0.325348,0.674652
1153,0.149881,0.850119
1154,0.167796,0.832204
1155,0.999856,0.000144
1156,0.457937,0.542063
1157,0.077015,0.922985
1158,0.999989,0.000011
1159,0.132433,0.867567
1160,0.965207,0.034793
1161,0.128822,0.871178
1162,0.212468,0.787532
1163,0.365518,0.634482
1164,0.440721,0.559279
1165,0.289194,0.710806
1166,0.012666,0.987334
1167,0.640924,0.359076
1168,0.259380,0.740620
1169,0.097623,0.902377
1170,0.572125,0.427875
1171,0.311525,0.688475
1172,0.967266,0.032734
1173,0.943810,0.056190
1174,0.783761,0.216239
1175,0.891762,0.108238
1176,0.992565,0.007435
1177,0.417225,0.582775
1178,0.389691,0.610309
1179,0.250624,0.749376
1180,0.266482,0.733518
1181,0.063814,0.936186
1182,0.638630,0.361370
1183,0.536377,0.463623
1184,0.557217,0.442783
1185,0.658484,0.341516
1186,0.455668,0.544332
1187,0.474698,0.525302
1188,0.017735,0.982265
1189,0.203916,0.796084
1190,0.567232,0.432768
1191,0.678041,0.321959
1192,0.604221,0.395779
1193,0.322206,0.677794
1194,0.111831,0.888169
1195,0.205947,0.794053
1196,0.562684,0.437316
1197,0.635717,0.364283
1198,0.049222,0.950778
1199,0.110870,0.889130
1200,0.662334,0.337666
1201,0.973811,0.026189
1202,0.561363,0.438637
1203,0.391889,0.608111
1204,0.430760,0.569240
1205,0.975651,0.024349
1206,0.238139,0.761861
1207,0.000770,0.999230
1208,0.981493,0.018507
1209,0.822530,0.177470
1210,0.098404,0.901596
1211,0.975146,0.024854
1212,0.142487,0.857513
1213,0.045433,0.954567
1214,0.064538,0.935462
1215,0.405800,0.594200
1216,0.937312,0.062688
1217,0.863839,0.136161
1218,0.999989,0.000011
1219,0.310774,0.689226
1220,0.929905,0.070095
1221,0.621002,0.378998
1222,0.192770,0.807230
1223,0.039848,0.960152
1224,0.588095,0.411905
1225,0.411476,0.588524
1226,0.982063,0.017937
1227,0.364314,0.635686
1228,0.302716,0.697284
1229,0.189661,0.810339
1230,0.769740,0.230260
1231,0.496219,0.503781
1232,0.391489,0.608511
1233,0.458030,0.541970
1234,0.988296,0.011704
1235,0.480742,0.519258
1236,0.885881,0.114119
1237,0.019736,0.980264
1238,0.334189,0.665811
1239,0.598128,0.401872
1240,0.146040,0.853960
1241,0.509849,0.490151
1242,0.188442,0.811558
1243,0.451620,0.548380
1244,0.375929,0.624071
1245,0.095710,0.904290
1246,0.375376,0.624624
1247,0.150728,0.849272
1248,0.612954,0.387046
1249,0.329774,0.670226
1250,0.561363,0.438637
1251,0.999736,0.000264
1252,0.999989,0.000011
1253,0.996943,0.003057
1254,0.270809,0.729191
1255,0.789080,0.210920
1256,0.446991,0.553009
1257,0.001211,0.998789
1258,0.365756,0.634244
1259,0.459835,0.540165
1260,0.499975,0.500025
1261,0.274896,0.725104
1262,0.125958,0.874042
1263,0.459436,0.540564
1264,0.167759,0.832241
1265,0.654024,0.345976
1266,0.972524,0.027476
1267,0.238571,0.761429
1268,0.338275,0.661725
1269,0.374799,0.625201
1270,0.999900,0.000100
1271,0.380839,0.619161
1272,0.349321,0.650679
1273,0.155133,0.844867
1274,0.079363,0.920637
1275,0.186654,0.813346
1276,0.237566,0.762434
1277,0.816746,0.183254
1278,0.143917,0.856083
1279,0.008935,0.991065
1280,0.091795,0.908205
1281,0.719132,0.280868
1282,0.757435,0.242565
1283,0.192547,0.807453
1284,0.245719,0.754281
1285,0.300380,0.699620
1286,0.678226,0.321774
1287,0.768093,0.231907
1288,0.205773,0.794227
1289,0.556859,0.443141
1290,0.173325,0.826675
1291,0.617945,0.382055
1292,0.244735,0.755265
1293,0.256261,0.743739
1294,0.827900,0.172100
1295,0.953382,0.046618
1296,0.821809,0.178191
1297,0.999973,0.000027
1298,0.016921,0.983079
1299,0.454755,0.545245
1300,0.458862,0.541138
1301,0.999856,0.000144
1302,0.163906,0.836094
1303,0.936870,0.063130
1304,0.980836,0.019164
1305,0.449910,0.550090
1306,0.509790,0.490210
1307,0.189661,0.810339
1308,0.811554,0.188446
1309,0.763773,0.236227
1310,0.433895,0.566105
1311,0.336938,0.663062
1312,0.817704,0.182296
1313,0.512123,0.487877
1314,0.938661,0.061339
1315,0.594249,0.405751
1316,0.555078,0.444922
1317,0.999989,0.000011
1318,0.789620,0.210380
1319,0.999771,0.000229
1320,0.873383,0.126617
1321,0.993022,0.006978
1322,0.561407,0.438593
1323,0.520481,0.479519
1324,0.581016,0.418984
1325,0.786158,0.213842
1326,0.201479,0.798521
1327,0.999856,0.000144
1328,0.229433,0.770567
1329,0.284303,0.715697
1330,0.113947,0.886053
1331,0.456306,0.543694
1332,0.974004,0.025996
1333,0.835902,0.164098
1334,0.979380,0.020620
1335,0.625964,0.374036
1336,0.103183,0.896817
1337,0.999856,0.000144
1338,0.476406,0.523594
1339,0.650326,0.349674
1340,0.000339,0.999661
1341,0.000770,0.999230
1342,0.059245,0.940755
1343,0.450429,0.549571
1344,0.996810,0.003190
1345,0.024318,0.975682
1346,0.994686,0.005314
1347,0.997947,0.002053
1348,0.978692,0.021308
1349,0.337141,0.662859
1350,0.135495,0.864505
1351,0.130533,0.869467
1352,0.743122,0.256878
1353,0.286063,0.713937
1354,0.997738,0.002262
1355,0.999986,0.000014
1356,0.178974,0.821026
1357,0.999989,0.000011
1358,0.483834,0.516166
1359,0.406274,0.593726
1360,0.559159,0.440841
1361,0.442267,0.557733
1362,0.801332,0.198668
1363,0.245405,0.754595
1364,0.324855,0.675145
1365,0.440396,0.559604
1366,0.640610,0.359390
1367,0.532738,0.467262
1368,0.462922,0.537078
1369,0.518101,0.481899
1370,0.180798,0.819202
1371,0.481987,0.518013
1372,0.723858,0.276142
1373,0.196887,0.803113
1374,0.304542,0.695458
1375,0.000857,0.999143
1376,0.341638,0.658362
1377,0.204058,0.795942
1378,0.999989,0.000011
1379,0.243702,0.756298
1380,0.477620,0.522380
1381,0.198777,0.801223
1382,0.153318,0.846682
1383,0.999986,0.000014
1384,0.538704,0.461296
1385,0.349505,0.650495
1386,0.211815,0.788185
1387,0.219748,0.780252
1388,0.200311,0.799689
1389,0.999973,0.000027
1390,0.061197,0.938803
1391,0.652285,0.347715
1392,0.911375,0.088625
1393,0.128138,0.871862
1394,0.994477,0.005523
1395,0.504248,0.495752
1396,0.488780,0.511220
1397,0.283534,0.716466
1398,0.449249,0.550751
1399,0.303797,0.696203
1400,0.763956,0.236044
1401,0.999989,0.000011
1402,0.347191,0.652809
1403,0.315019,0.684981
1404,0.963413,0.036587
1405,0.126875,0.873125
1406,0.208585,0.791415
1407,0.657124,0.342876
1408,0.554654,0.445346
1409,0.428878,0.571122
1410,0.557907,0.442093
1411,0.490124,0.509876
1412,0.350579,0.649421
1413,0.650975,0.349025
1414,0.548422,0.451578
1415,0.051274,0.948726
1416,0.290566,0.709434
1417,0.154343,0.845657
1418,0.806811,0.193189
1419,0.650383,0.349617
1420,0.177001,0.822999
1421,0.124321,0.875679
1422,0.996943,0.003057
1423,0.999989,0.000011
1424,0.969350,0.030650
1425,0.360643,0.639357
1426,0.999997,0.000003
1427,0.999989,0.000011
1428,0.999989,0.000011
1429,0.346068,0.653932
1430,0.996943,0.003057
1431,0.308638,0.691362
1432,0.532684,0.467316
1433,0.924067,0.075933
1434,0.556995,0.443005
1435,0.905101,0.094899
1436,0.196595,0.803405
1437,0.511774,0.488226
1438,0.822331,0.177669
1439,0.061723,0.938277
1440,0.087089,0.912911
1441,0.999997,0.000003
1442,0.650733,0.349267
1443,0.594582,0.405418
1444,0.667911,0.332089
1445,0.999856,0.000144
1446,0.858418,0.141582
1447,0.769386,0.230614
1448,0.160616,0.839384
1449,0.112074,0.887926
1450,0.666353,0.333647
1451,0.977503,0.022497
1452,0.948070,0.051930
1453,0.061527,0.938473
1454,0.617833,0.382167
1455,0.360132,0.639868
1456,0.097288,0.902712
1457,0.988909,0.011091
1458,0.036211,0.963789
1459,0.169748,0.830252
1460,0.999997,0.000003
1461,0.999997,0.000003
1462,0.999353,0.000647
1463,0.428535,0.571465
1464,0.997738,0.002262
1465,0.993625,0.006375
1466,0.998002,0.001998
1467,0.216763,0.783237
1468,0.148278,0.851722
1469,0.817842,0.182158
1470,0.485935,0.514065
1471,0.999856,0.000144
1472,0.237078,0.762922
1473,0.347164,0.652836
1474,0.638998,0.361002
1475,0.257043,0.742957
1476,0.540834,0.459166
1477,0.437727,0.562273
1478,0.303099,0.696901
1479,0.999327,0.000673
1480,0.254939,0.745061
1481,0.959211,0.040789
1482,0.323487,0.676513
1483,0.634720,0.365280
1484,0.362881,0.637119
1485,0.160965,0.839035
1486,0.172015,0.827985
1487,0.893144,0.106856
1488,0.636235,0.363765
1489,0.274119,0.725881
1490,0.996796,0.003204
1491,0.299884,0.700116
1492,0.393110,0.606890
1493,0.834032,0.165968
1494,0.281865,0.718135
1495,0.926658,0.073342
1496,0.913186,0.086814
1497,0.207789,0.792211
1498,0.131962,0.868038
1499,0.296330,0.703670
1500,0.803914,0.196086
1501,0.011417,0.988583
1502,0.497762,0.502238
1503,0.939059,0.060941
1504,0.480804,0.519196
1505,0.608235,0.391765
1506,0.892959,0.107041
1507,0.649859,0.350141
1508,0.458952,0.541048
1509,0.098676,0.901324
1510,0.223465,0.776535
1511,0.681219,0.318781
1512,0.760411,0.239589
1513,0.918073,0.081927
1514,0.008476,0.991524
1515,0.493126,0.506874
1516,0.104185,0.895815
1517,0.248555,0.751445
1518,0.254895,0.745105
1519,0.730036,0.269964
1520,0.440905,0.559095
1521,0.999856,0.000144
1522,0.199353,0.800647
1523,0.076704,0.923296
1524,0.323554,0.676446
1525,0.905848,0.094152
1526,0.994953,0.005047
1527,0.648795,0.351205
1528,0.772644,0.227356
1529,0.164551,0.835449
1530,0.008309,0.991691
1531,0.999989,0.000011
1532,0.899261,0.100739
1533,0.999989,0.000011
1534,0.996943,0.003057
1535,0.945578,0.054422
1536,0.211864,0.788136
1537,0.180188,0.819812
1538,0.537503,0.462497
1539,0.090130,0.909870
1540,0.453112,0.546888
1541,0.986428,0.013572
1542,0.223847,0.776153
1543,0.160269,0.839731
1544,0.023730,0.976270
1545,0.529882,0.470118
1546,0.779451,0.220549
1547,0.252072,0.747928
1548,0.353928,0.646072
1549,0.577873,0.422127
1550,0.518557,0.481443
1551,0.995307,0.004693
1552,0.415000,0.585000
1553,0.119583,0.880417
1554,0.140676,0.859324
1555,0.150125,0.849875
1556,0.175951,0.824049
1557,0.996943,0.003057
1558,0.212085,0.787915
1559,0.309061,0.690939
1560,0.458929,0.541071
1561,0.968437,0.031563
1562,0.000857,0.999143
1563,0.016553,0.983447
1564,0.196829,0.803171
1565,0.439135,0.560865
1566,0.951863,0.048137
1567,0.519109,0.480891
1568,0.442753,0.557247
1569,0.741127,0.258873
1570,0.940890,0.059110
1571,0.381452,0.618548
1572,0.391639,0.608361
1573,0.260215,0.739785
1574,0.324756,0.675244
1575,0.616687,0.383313
1576,0.824377,0.175623
1577,0.564497,0.435503
1578,0.975088,0.024912
1579,0.577529,0.422471
1580,0.342172,0.657828
1581,0.284490,0.715510
1582,0.235191,0.764809
1583,0.283387,0.716613
1584,0.678725,0.321275
1585,0.094218,0.905782
1586,0.006942,0.993058
1587,0.216332,0.783668
1588,0.429121,0.570879
1589,0.416485,0.583515
1590,0.596526,0.403474
1591,0.001211,0.998789
1592,0.189661,0.810339
1593,0.175088,0.824912
1594,0.101347,0.898653
1595,0.549869,0.450131
1596,0.218986,0.781014
1597,0.707963,0.292037
1598,0.774011,0.225989
1599,0.328538,0.671462
1600,0.869038,0.130962
1601,0.848876,0.151124
1602,0.350534,0.649466
1603,0.302610,0.697390
1604,0.490531,0.509469
1605,0.235505,0.764495
1606,0.534585,0.465415
1607,0.833534,0.166466
1608,0.999900,0.000100
1609,0.582748,0.417252
1610,0.344406,0.655594
1611,0.902121,0.097879
1612,0.378669,0.621331
1613,0.999989,0.000011
1614,0.056302,0.943698
1615,0.431849,0.568151
1616,0.704214,0.295786
1617,0.445415,0.554585
1618,0.723548,0.276452
1619,0.746222,0.253778
1620,0.101139,0.898861
1621,0.217331,0.782669
1622,0.296493,0.703507
1623,0.048822,0.951178
1624,0.069068,0.930932
1625,0.621361,0.378639
1626,0.115873,0.884127
1627,0.815730,0.184270
1628,0.895729,0.104271
1629,0.823698,0.176302
1630,0.545418,0.454582
1631,0.147137,0.852863
1632,0.226183,0.773817
1633,0.561290,0.438710
1634,0.334618,0.665382
1635,0.028743,0.971257
1636,0.406281,0.593719
1637,0.975522,0.024478
1638,0.326750,0.673250
1639,0.344179,0.655821
1640,0.228645,0.771355
1641,0.382522,0.617478
1642,0.274792,0.725208
1643,0.602207,0.397793
1644,0.238139,0.761861
1645,0.101097,0.898903
1646,0.999989,0.000011
1647,0.499691,0.500309
1648,0.966678,0.033322
1649,0.057459,0.942541
1650,0.288044,0.711956
1651,0.095100,0.904900
1652,0.466359,0.533641
1653,0.983506,0.016494
1654,0.940951,0.059049
1655,0.080811,0.919189
1656,0.390269,0.609731
1657,0.405414,0.594586
1658,0.314383,0.685617
1659,0.715874,0.284126
1660,0.580812,0.419188
1661,0.996760,0.003240
1662,0.978033,0.021967
1663,0.229900,0.770100
1664,0.827086,0.172914
1665,0.207189,0.792811
1666,0.132366,0.867634
1667,0.414294,0.585706
1668,0.613371,0.386629
1669,0.159342,0.840658
1670,0.111205,0.888795
1671,0.004684,0.995316
1672,0.524232,0.475768
1673,0.898492,0.101508
1674,0.377977,0.622023
1675,0.156669,0.843331
1676,0.159718,0.840282
1677,0.646457,0.353543
1678,0.243624,0.756376
1679,0.070944,0.929056
1680,0.775404,0.224596
1681,0.999379,0.000621
1682,0.999901,0.000099
1683,0.986777,0.013223
1684,0.605356,0.394644
1685,0.161748,0.838252
1686,0.178402,0.821598
1687,0.165187,0.834813
1688,0.300176,0.699824
1689,0.673241,0.326759
1690,0.592628,0.407372
1691,0.527035,0.472965
1692,0.999849,0.000151
1693,0.568480,0.431520
1694,0.704604,0.295396
1695,0.631230,0.368770
1696,0.655233,0.344767
1697,0.417910,0.582090
1698,0.586328,0.413672
1699,0.317247,0.682753
1700,0.354726,0.645274
