id,realDonaldTrump,HillaryClinton
0,0.185692,0.814308
1,0.000008,0.999992
2,0.000000,1.000000
3,0.000002,0.999998
4,0.988483,0.011517
5,0.024053,0.975947
6,0.005407,0.994593
7,0.000000,1.000000
8,0.020988,0.979012
9,0.998552,0.001448
10,1.000000,0.000000
11,0.054493,0.945507
12,0.037386,0.962614
13,0.251087,0.748913
14,0.045967,0.954033
15,0.999966,0.000034
16,0.998694,0.001306
17,0.994824,0.005176
18,0.043204,0.956796
19,0.999995,0.000005
20,0.257828,0.742172
21,0.000003,0.999997
22,0.000001,0.999999
23,0.995007,0.004993
24,0.820828,0.179172
25,0.002647,0.997353
26,0.999948,0.000052
27,0.000000,1.000000
28,0.031308,0.968692
29,0.023054,0.976946
30,0.212981,0.787019
31,0.008957,0.991043
32,0.063880,0.936120
33,0.167503,0.832497
34,0.696641,0.303359
35,0.885127,0.114873
36,0.002556,0.997444
37,0.029135,0.970865
38,0.889136,0.110864
39,0.019701,0.980299
40,0.000002,0.999998
41,0.000002,0.999998
42,0.000000,1.000000
43,0.995605,0.004395
44,0.939374,0.060626
45,0.657832,0.342168
46,0.203085,0.796915
47,0.602120,0.397880
48,0.921595,0.078405
49,0.000000,1.000000
50,0.909801,0.090199
51,0.471153,0.528847
52,0.369380,0.630620
53,0.942749,0.057251
54,0.255142,0.744858
55,0.000017,0.999983
56,0.000000,1.000000
57,0.069699,0.930301
58,0.948387,0.051613
59,0.215635,0.784365
60,0.000000,1.000000
61,0.946742,0.053258
62,0.131053,0.868947
63,0.000000,1.000000
64,0.000013,0.999987
65,0.002997,0.997003
66,0.560519,0.439481
67,0.042268,0.957732
68,0.000000,1.000000
69,0.998107,0.001893
70,0.993352,0.006648
71,0.028863,0.971137
72,0.009351,0.990649
73,0.003441,0.996559
74,0.000000,1.000000
75,0.049114,0.950886
76,0.013866,0.986134
77,0.535082,0.464918
78,0.956959,0.043041
79,0.000005,0.999995
80,0.012250,0.987750
81,0.003738,0.996262
82,0.000001,0.999999
83,0.000000,1.000000
84,0.000000,1.000000
85,0.000000,1.000000
86,0.998813,0.001187
87,0.417076,0.582924
88,0.002923,0.997077
89,0.000000,1.000000
90,0.003797,0.996203
91,0.034788,0.965212
92,0.012133,0.987867
93,0.999993,0.000007
94,0.999993,0.000007
95,0.151624,0.848376
96,0.300086,0.699914
97,0.907591,0.092409
98,0.000016,0.999984
99,0.008107,0.991893
100,0.000004,0.999996
101,0.402925,0.597075
102,0.651749,0.348251
103,0.000001,0.999999
104,0.066460,0.933540
105,0.060312,0.939688
106,0.065966,0.934034
107,0.998594,0.001406
108,0.703293,0.296707
109,0.026992,0.973008
110,0.285115,0.714885
111,0.065020,0.934980
112,0.974416,0.025584
113,0.189550,0.810450
114,0.000000,1.000000
115,0.090888,0.909112
116,0.752660,0.247340
117,0.976866,0.023134
118,0.500000,0.500000
119,0.000003,0.999997
120,0.981394,0.018606
121,0.132315,0.867685
122,0.000000,1.000000
123,0.198302,0.801698
124,0.269311,0.730689
125,0.015141,0.984859
126,0.882160,0.117840
127,0.999996,0.000004
128,0.993616,0.006384
129,0.018714,0.981286
130,0.000000,1.000000
131,0.615309,0.384691
132,0.033479,0.966521
133,0.027854,0.972146
134,0.045177,0.954823
135,0.003269,0.996731
136,0.999948,0.000052
137,0.930080,0.069920
138,0.065686,0.934314
139,0.994154,0.005846
140,0.999713,0.000287
141,0.006417,0.993583
142,0.013831,0.986169
143,0.000003,0.999997
144,0.004177,0.995823
145,0.992333,0.007667
146,0.262387,0.737613
147,0.997073,0.002927
148,0.902821,0.097179
149,0.520605,0.479395
150,0.989805,0.010195
151,0.550735,0.449265
152,0.997606,0.002394
153,0.999994,0.000006
154,0.944388,0.055612
155,0.999950,0.000050
156,0.910799,0.089201
157,0.004593,0.995407
158,0.004257,0.995743
159,0.999839,0.000161
160,0.000000,1.000000
161,0.736694,0.263306
162,0.000004,0.999996
163,0.053813,0.946187
164,0.000003,0.999997
165,0.000002,0.999998
166,0.403243,0.596757
167,0.995776,0.004224
168,0.006241,0.993759
169,0.184222,0.815778
170,0.989387,0.010613
171,0.000000,1.000000
172,0.999947,0.000053
173,0.013777,0.986223
174,0.999997,0.000003
175,0.304537,0.695463
176,0.313465,0.686535
177,0.056227,0.943773
178,0.121547,0.878453
179,0.873088,0.126912
180,0.000000,1.000000
181,0.000000,1.000000
182,0.000000,1.000000
183,0.165833,0.834167
184,0.623576,0.376424
185,0.082778,0.917222
186,0.998666,0.001334
187,0.389047,0.610953
188,0.072749,0.927251
189,0.000003,0.999997
190,0.333052,0.666948
191,0.696381,0.303619
192,0.000000,1.000000
193,0.915550,0.084450
194,0.994668,0.005332
195,0.334748,0.665252
196,0.000000,1.000000
197,0.021075,0.978925
198,0.760066,0.239934
199,0.131422,0.868578
200,0.980995,0.019005
201,0.965566,0.034434
202,0.963557,0.036443
203,0.921848,0.078152
204,0.000008,0.999992
205,0.210795,0.789205
206,0.939889,0.060111
207,0.000000,1.000000
208,0.000001,0.999999
209,0.000000,1.000000
210,0.000001,0.999999
211,0.155058,0.844942
212,0.231079,0.768921
213,0.546641,0.453359
214,0.003835,0.996165
215,0.126725,0.873275
216,0.125615,0.874385
217,0.754415,0.245585
218,0.000000,1.000000
219,0.011992,0.988008
220,0.002804,0.997196
221,0.025640,0.974360
222,0.000000,1.000000
223,0.582507,0.417493
224,0.968978,0.031022
225,0.959971,0.040029
226,0.610627,0.389373
227,0.225006,0.774994
228,0.467062,0.532938
229,0.000002,0.999998
230,0.059963,0.940037
231,0.998281,0.001719
232,0.112975,0.887025
233,0.814091,0.185909
234,0.016036,0.983964
235,0.159467,0.840533
236,0.997722,0.002278
237,0.505031,0.494969
238,0.000002,0.999998
239,0.817809,0.182191
240,0.999952,0.000048
241,0.645816,0.354184
242,0.681550,0.318450
243,0.006048,0.993952
244,0.953788,0.046212
245,0.000000,1.000000
246,0.054295,0.945705
247,0.999998,0.000002
248,0.013097,0.986903
249,0.000000,1.000000
250,0.012826,0.987174
251,0.000002,0.999998
252,0.211464,0.788536
253,0.000000,1.000000
254,0.023804,0.976196
255,0.000000,1.000000
256,0.978570,0.021430
257,0.002870,0.997130
258,0.076369,0.923631
259,0.022218,0.977782
260,0.000018,0.999982
261,0.118946,0.881054
262,0.908917,0.091083
263,0.000000,1.000000
264,0.169350,0.830650
265,0.571526,0.428474
266,0.003448,0.996552
267,0.836106,0.163894
268,0.080117,0.919883
269,0.961824,0.038176
270,0.896707,0.103293
271,0.183707,0.816293
272,0.988581,0.011419
273,0.156019,0.843981
274,0.000013,0.999987
275,0.175432,0.824568
276,0.999554,0.000446
277,0.486776,0.513224
278,0.999463,0.000537
279,0.007388,0.992612
280,0.997188,0.002812
281,0.552250,0.447750
282,0.000000,1.000000
283,0.656626,0.343374
284,0.066606,0.933394
285,0.787498,0.212502
286,0.327523,0.672477
287,0.368168,0.631832
288,0.007933,0.992067
289,0.500000,0.500000
290,0.945252,0.054748
291,0.135821,0.864179
292,0.040121,0.959879
293,0.017444,0.982556
294,0.068972,0.931028
295,0.005805,0.994195
296,0.965844,0.034156
297,0.997945,0.002055
298,0.011399,0.988601
299,0.028388,0.971612
300,0.027321,0.972679
301,0.843455,0.156545
302,0.036175,0.963825
303,0.916417,0.083583
304,0.315624,0.684376
305,0.875377,0.124623
306,0.058328,0.941672
307,0.000003,0.999997
308,0.999038,0.000962
309,0.936460,0.063540
310,0.912486,0.087514
311,0.900176,0.099824
312,0.963091,0.036909
313,0.012196,0.987804
314,0.774070,0.225930
315,0.573958,0.426042
316,0.008279,0.991721
317,0.790431,0.209569
318,0.771157,0.228843
319,0.115096,0.884904
320,0.025480,0.974520
321,0.472797,0.527203
322,0.602744,0.397256
323,0.322473,0.677527
324,0.000002,0.999998
325,0.996455,0.003545
326,0.999973,0.000027
327,0.983103,0.016897
328,0.000000,1.000000
329,0.088320,0.911680
330,1.000000,0.000000
331,0.031003,0.968997
332,0.618354,0.381646
333,0.000003,0.999997
334,0.022172,0.977828
335,0.246578,0.753422
336,0.351872,0.648128
337,0.720071,0.279929
338,0.016036,0.983964
339,0.995143,0.004857
340,0.895405,0.104595
341,0.006981,0.993019
342,0.975988,0.024012
343,0.984385,0.015615
344,0.000005,0.999995
345,0.000000,1.000000
346,0.988795,0.011205
347,0.000000,1.000000
348,0.367335,0.632665
349,0.989067,0.010933
350,0.436393,0.563607
351,0.063540,0.936460
352,0.991483,0.008517
353,0.233527,0.766473
354,0.997246,0.002754
355,0.998430,0.001570
356,0.027753,0.972247
357,0.059818,0.940182
358,0.057151,0.942849
359,0.968586,0.031414
360,0.081370,0.918630
361,0.247984,0.752016
362,0.135736,0.864264
363,0.038930,0.961070
364,0.500000,0.500000
365,0.023049,0.976951
366,0.012062,0.987938
367,0.286976,0.713024
368,0.000000,1.000000
369,0.900693,0.099307
370,0.008873,0.991127
371,0.000000,1.000000
372,0.930263,0.069737
373,0.000000,1.000000
374,0.999836,0.000164
375,0.902927,0.097073
376,0.000000,1.000000
377,0.815054,0.184946
378,0.999842,0.000158
379,0.641248,0.358752
380,0.999891,0.000109
381,0.513093,0.486907
382,0.999600,0.000400
383,0.689122,0.310878
384,0.014410,0.985590
385,0.412539,0.587461
386,0.044197,0.955803
387,0.000003,0.999997
388,0.012182,0.987818
389,0.407142,0.592858
390,0.258468,0.741532
391,0.943694,0.056306
392,0.147069,0.852931
393,0.963304,0.036696
394,0.000001,0.999999
395,1.000000,0.000000
396,0.440679,0.559321
397,0.756257,0.243743
398,0.000006,0.999994
399,0.170438,0.829562
400,0.000000,1.000000
401,0.065718,0.934282
402,0.007404,0.992596
403,0.999933,0.000067
404,0.999948,0.000052
405,0.074343,0.925657
406,0.999876,0.000124
407,0.002957,0.997043
408,1.000000,0.000000
409,0.003549,0.996451
410,0.564169,0.435831
411,0.887759,0.112241
412,0.000000,1.000000
413,0.048683,0.951317
414,0.051869,0.948131
415,0.998845,0.001155
416,0.815054,0.184946
417,1.000000,0.000000
418,0.000012,0.999988
419,0.997784,0.002216
420,0.189815,0.810185
421,0.257855,0.742145
422,0.999884,0.000116
423,0.912010,0.087990
424,0.006010,0.993990
425,0.921935,0.078065
426,0.000016,0.999984
427,0.984312,0.015688
428,0.000004,0.999996
429,0.109898,0.890102
430,0.005125,0.994875
431,0.898953,0.101047
432,0.297697,0.702303
433,0.897737,0.102263
434,0.473705,0.526295
435,0.048041,0.951959
436,0.983899,0.016101
437,0.408193,0.591807
438,0.648232,0.351768
439,0.002932,0.997068
440,0.928484,0.071516
441,0.000000,1.000000
442,0.153338,0.846662
443,0.022567,0.977433
444,0.737495,0.262505
445,0.090631,0.909369
446,0.000001,0.999999
447,0.999993,0.000007
448,0.451284,0.548716
449,0.087379,0.912621
450,0.022940,0.977060
451,0.785981,0.214019
452,0.997131,0.002869
453,0.000003,0.999997
454,0.999955,0.000045
455,1.000000,0.000000
456,0.000000,1.000000
457,0.141135,0.858865
458,0.893950,0.106050
459,0.188148,0.811852
460,0.042165,0.957835
461,0.000001,0.999999
462,0.972587,0.027413
463,0.028771,0.971229
464,0.666260,0.333740
465,0.057447,0.942553
466,0.016036,0.983964
467,0.041596,0.958404
468,0.248243,0.751757
469,0.589143,0.410857
470,0.034891,0.965109
471,0.367317,0.632683
472,0.114070,0.885930
473,0.004378,0.995622
474,0.014330,0.985670
475,0.844565,0.155435
476,0.458441,0.541559
477,0.028371,0.971629
478,0.054765,0.945235
479,0.081196,0.918804
480,0.035801,0.964199
481,0.998093,0.001907
482,0.902858,0.097142
483,0.974603,0.025397
484,0.424370,0.575630
485,0.290337,0.709663
486,0.958044,0.041956
487,0.003246,0.996754
488,0.000011,0.999989
489,0.141641,0.858359
490,0.080505,0.919495
491,0.961733,0.038267
492,0.133716,0.866284
493,0.094427,0.905573
494,0.998692,0.001308
495,0.892190,0.107810
496,0.115236,0.884764
497,0.016946,0.983054
498,0.000003,0.999997
499,0.041577,0.958423
500,0.979193,0.020807
501,0.000000,1.000000
502,0.007766,0.992234
503,0.000011,0.999989
504,0.000000,1.000000
505,0.995485,0.004515
506,0.591254,0.408746
507,0.000000,1.000000
508,0.004109,0.995891
509,0.888591,0.111409
510,0.999835,0.000165
511,0.108091,0.891909
512,0.999658,0.000342
513,0.893781,0.106219
514,0.997105,0.002895
515,0.000000,1.000000
516,0.993989,0.006011
517,0.718619,0.281381
518,0.000000,1.000000
519,0.000000,1.000000
520,0.955956,0.044044
521,0.869760,0.130240
522,0.000000,1.000000
523,0.777548,0.222452
524,0.970092,0.029908
525,0.594958,0.405042
526,0.000000,1.000000
527,0.984013,0.015987
528,0.150371,0.849629
529,0.999250,0.000750
530,0.314290,0.685710
531,0.044771,0.955229
532,0.000000,1.000000
533,0.806183,0.193817
534,0.004077,0.995923
535,0.038641,0.961359
536,0.985494,0.014506
537,0.271002,0.728998
538,0.105969,0.894031
539,0.010200,0.989800
540,0.057378,0.942622
541,0.016036,0.983964
542,0.017526,0.982474
543,0.985351,0.014649
544,0.500000,0.500000
545,0.995549,0.004451
546,0.933179,0.066821
547,0.986948,0.013052
548,0.000007,0.999993
549,0.000000,1.000000
550,0.806796,0.193204
551,0.994472,0.005528
552,0.659352,0.340648
553,0.972842,0.027158
554,0.938402,0.061598
555,0.000000,1.000000
556,0.013781,0.986219
557,0.004533,0.995467
558,0.000003,0.999997
559,0.049792,0.950208
560,0.953839,0.046161
561,0.042273,0.957727
562,0.003354,0.996646
563,0.389489,0.610511
564,0.000001,0.999999
565,0.000010,0.999990
566,0.632040,0.367960
567,0.491673,0.508327
568,0.999691,0.000309
569,0.000000,1.000000
570,0.194974,0.805026
571,0.000000,1.000000
572,0.907132,0.092868
573,0.563040,0.436960
574,0.670678,0.329322
575,0.307310,0.692690
576,0.795529,0.204471
577,0.410759,0.589241
578,0.093918,0.906082
579,0.000003,0.999997
580,0.068522,0.931478
581,0.941104,0.058896
582,0.998646,0.001354
583,0.918962,0.081038
584,0.967038,0.032962
585,0.265447,0.734553
586,0.999975,0.000025
587,0.998223,0.001777
588,0.904647,0.095353
589,0.851270,0.148730
590,0.025235,0.974765
591,0.003326,0.996674
592,0.994230,0.005770
593,0.000002,0.999998
594,0.000000,1.000000
595,0.033413,0.966587
596,0.009317,0.990683
597,0.999657,0.000343
598,0.026568,0.973432
599,0.350170,0.649830
600,0.999335,0.000665
601,0.376480,0.623520
602,0.985091,0.014909
603,0.992050,0.007950
604,0.000000,1.000000
605,0.000000,1.000000
606,0.634660,0.365340
607,0.046532,0.953468
608,0.004412,0.995588
609,0.341391,0.658609
610,0.851291,0.148709
611,0.220699,0.779301
612,0.999997,0.000003
613,0.000000,1.000000
614,0.999986,0.000014
615,0.000000,1.000000
616,0.891349,0.108651
617,0.000000,1.000000
618,0.000001,0.999999
619,0.033915,0.966085
620,0.987502,0.012498
621,0.940765,0.059235
622,0.966877,0.033123
623,0.154771,0.845229
624,0.872506,0.127494
625,0.999969,0.000031
626,0.700476,0.299524
627,0.000001,0.999999
628,0.918745,0.081255
629,0.939402,0.060598
630,0.013204,0.986796
631,0.000008,0.999992
632,0.034775,0.965225
633,0.003986,0.996014
634,0.525672,0.474328
635,0.999295,0.000705
636,0.988908,0.011092
637,0.087977,0.912023
638,0.059908,0.940092
639,0.549642,0.450358
640,0.015175,0.984825
641,0.991575,0.008425
642,0.274791,0.725209
643,0.603613,0.396387
644,0.981856,0.018144
645,0.264564,0.735436
646,0.000005,0.999995
647,0.999973,0.000027
648,0.691571,0.308429
649,0.999922,0.000078
650,0.003208,0.996792
651,0.216506,0.783494
652,0.000000,1.000000
653,0.993707,0.006293
654,0.890252,0.109748
655,0.728402,0.271598
656,0.295197,0.704803
657,0.004844,0.995156
658,0.999022,0.000978
659,0.970746,0.029254
660,0.997962,0.002038
661,0.053106,0.946894
662,0.891213,0.108787
663,0.018956,0.981044
664,0.946967,0.053033
665,0.991280,0.008720
666,0.671195,0.328805
667,0.715486,0.284514
668,0.940075,0.059925
669,0.360185,0.639815
670,0.927563,0.072437
671,0.113292,0.886708
672,0.997480,0.002520
673,0.500000,0.500000
674,0.237965,0.762035
675,0.999910,0.000090
676,0.004273,0.995727
677,0.942011,0.057989
678,0.000004,0.999996
679,0.000000,1.000000
680,0.000008,0.999992
681,0.998175,0.001825
682,0.304240,0.695760
683,0.260481,0.739519
684,0.999919,0.000081
685,0.795890,0.204110
686,0.829805,0.170195
687,0.940686,0.059314
688,0.183972,0.816028
689,0.183582,0.816418
690,0.000001,0.999999
691,0.558738,0.441262
692,0.861982,0.138018
693,1.000000,0.000000
694,0.826539,0.173461
695,0.191292,0.808708
696,0.906047,0.093953
697,0.427278,0.572722
698,0.536707,0.463293
699,0.147952,0.852048
700,0.323588,0.676412
701,0.035242,0.964758
702,0.999993,0.000007
703,0.000006,0.999994
704,0.975037,0.024963
705,0.977085,0.022915
706,0.110866,0.889134
707,0.595542,0.404458
708,0.998717,0.001283
709,0.578648,0.421352
710,0.647237,0.352763
711,0.463129,0.536871
712,0.000001,0.999999
713,0.951985,0.048015
714,0.927553,0.072447
715,0.214915,0.785085
716,0.996514,0.003486
717,0.745581,0.254419
718,0.000000,1.000000
719,0.101524,0.898476
720,0.465739,0.534261
721,0.469661,0.530339
722,0.987438,0.012562
723,0.002736,0.997264
724,0.995959,0.004041
725,0.000000,1.000000
726,0.623837,0.376163
727,0.570083,0.429917
728,0.377469,0.622531
729,0.000010,0.999990
730,0.455429,0.544571
731,0.000000,1.000000
732,0.997264,0.002736
733,0.235850,0.764150
734,0.473840,0.526160
735,0.997007,0.002993
736,0.232526,0.767474
737,0.002886,0.997114
738,0.687007,0.312993
739,0.995882,0.004118
740,0.047250,0.952750
741,0.923653,0.076347
742,0.812039,0.187961
743,0.922485,0.077515
744,0.000000,1.000000
745,0.000000,1.000000
746,0.200046,0.799954
747,0.367044,0.632956
748,0.000000,1.000000
749,0.933085,0.066915
750,0.000014,0.999986
751,0.731299,0.268701
752,0.000000,1.000000
753,0.999998,0.000002
754,0.000008,0.999992
755,1.000000,0.000000
756,0.999992,0.000008
757,0.105335,0.894665
758,0.993335,0.006665
759,0.015948,0.984052
760,0.755773,0.244227
761,0.000000,1.000000
762,0.425741,0.574259
763,0.053817,0.946183
764,0.226039,0.773961
765,0.000001,0.999999
766,0.576053,0.423947
767,0.484583,0.515417
768,0.000016,0.999984
769,0.999127,0.000873
770,0.981245,0.018755
771,1.000000,0.000000
772,0.999957,0.000043
773,0.235151,0.764849
774,0.053785,0.946215
775,0.999996,0.000004
776,0.011871,0.988129
777,0.000001,0.999999
778,0.025633,0.974367
779,0.958351,0.041649
780,0.999870,0.000130
781,0.093464,0.906536
782,0.015798,0.984202
783,0.000000,1.000000
784,0.002602,0.997398
785,0.027653,0.972347
786,0.016036,0.983964
787,1.000000,0.000000
788,0.347678,0.652322
789,0.342223,0.657777
790,0.068216,0.931784
791,0.002642,0.997358
792,0.958521,0.041479
793,0.942352,0.057648
794,0.000000,1.000000
795,0.005109,0.994891
796,0.000002,0.999998
797,0.998940,0.001060
798,0.120544,0.879456
799,0.000002,0.999998
800,0.161622,0.838378
801,0.704764,0.295236
802,0.000000,1.000000
803,0.038423,0.961577
804,0.997663,0.002337
805,0.000000,1.000000
806,0.999935,0.000065
807,0.273601,0.726399
808,0.000016,0.999984
809,0.635485,0.364515
810,0.000007,0.999993
811,0.998037,0.001963
812,0.038033,0.961967
813,0.163087,0.836913
814,0.097972,0.902028
815,0.289443,0.710557
816,0.818993,0.181007
817,0.929547,0.070453
818,0.842161,0.157839
819,0.016036,0.983964
820,0.635734,0.364266
821,0.000000,1.000000
822,0.837817,0.162183
823,0.055626,0.944374
824,0.354880,0.645120
825,0.037792,0.962208
826,0.999943,0.000057
827,0.012168,0.987832
828,0.766665,0.233335
829,0.053986,0.946014
830,0.825492,0.174508
831,0.005162,0.994838
832,0.250287,0.749713
833,0.106510,0.893490
834,0.997489,0.002511
835,0.998967,0.001033
836,0.000000,1.000000
837,0.000014,0.999986
838,0.224192,0.775808
839,0.234071,0.765929
840,0.999638,0.000362
841,0.914932,0.085068
842,0.813527,0.186473
843,0.014666,0.985334
844,0.075318,0.924682
845,0.003564,0.996436
846,0.000000,1.000000
847,0.102883,0.897117
848,0.272367,0.727633
849,0.000001,0.999999
850,0.975355,0.024645
851,0.202352,0.797648
852,0.033950,0.966050
853,0.933891,0.066109
854,0.045522,0.954478
855,0.684541,0.315459
856,0.051555,0.948445
857,0.003015,0.996985
858,0.000000,1.000000
859,0.590996,0.409004
860,0.423265,0.576735
861,0.882464,0.117536
862,0.999271,0.000729
863,0.000001,0.999999
864,0.847528,0.152472
865,0.968881,0.031119
866,0.999955,0.000045
867,0.918799,0.081201
868,0.565230,0.434770
869,0.998558,0.001442
870,0.999449,0.000551
871,0.217368,0.782632
872,0.084602,0.915398
873,0.011610,0.988390
874,0.318424,0.681576
875,0.999372,0.000628
876,0.063196,0.936804
877,0.000000,1.000000
878,0.126976,0.873024
879,0.858701,0.141299
880,0.983575,0.016425
881,0.771559,0.228441
882,0.136485,0.863515
883,0.021309,0.978691
884,0.005573,0.994427
885,0.000003,0.999997
886,0.145356,0.854644
887,0.402000,0.598000
888,0.041683,0.958317
889,0.040441,0.959559
890,0.000000,1.000000
891,0.060313,0.939687
892,0.604483,0.395517
893,0.753818,0.246182
894,0.710541,0.289459
895,0.040143,0.959857
896,0.338881,0.661119
897,0.999954,0.000046
898,0.748184,0.251816
899,0.481676,0.518324
900,0.022331,0.977669
901,0.989054,0.010946
902,0.243369,0.756631
903,0.000000,1.000000
904,0.000000,1.000000
905,0.397851,0.602149
906,0.012636,0.987364
907,0.000002,0.999998
908,0.560420,0.439580
909,0.075333,0.924667
910,1.000000,0.000000
911,0.999997,0.000003
912,0.000019,0.999981
913,0.916086,0.083914
914,0.767421,0.232579
915,0.000007,0.999993
916,0.017803,0.982197
917,0.336625,0.663375
918,0.179374,0.820626
919,1.000000,0.000000
920,0.988906,0.011094
921,0.998645,0.001355
922,0.000000,1.000000
923,0.908206,0.091794
924,0.982094,0.017906
925,0.968444,0.031556
926,0.663883,0.336117
927,0.578940,0.421060
928,0.055725,0.944275
929,0.047194,0.952806
930,0.059755,0.940245
931,0.962167,0.037833
932,0.031157,0.968843
933,0.000016,0.999984
934,0.885497,0.114503
935,0.998419,0.001581
936,0.049394,0.950606
937,0.777288,0.222712
938,0.626351,0.373649
939,0.696904,0.303096
940,0.014257,0.985743
941,0.995836,0.004164
942,0.042288,0.957712
943,0.226059,0.773941
944,0.000000,1.000000
945,0.794537,0.205463
946,0.028643,0.971357
947,0.947301,0.052699
948,0.063209,0.936791
949,0.537287,0.462713
950,1.000000,0.000000
951,0.000000,1.000000
952,1.000000,0.000000
953,0.482356,0.517644
954,0.005250,0.994750
955,1.000000,0.000000
956,0.012142,0.987858
957,0.136906,0.863094
958,0.022904,0.977096
959,0.487807,0.512193
960,0.977552,0.022448
961,0.008938,0.991062
962,0.053691,0.946309
963,0.005388,0.994612
964,0.978960,0.021040
965,0.999956,0.000044
966,0.997703,0.002297
967,0.897131,0.102869
968,0.000000,1.000000
969,0.011802,0.988198
970,0.946601,0.053399
971,0.356744,0.643256
972,1.000000,0.000000
973,0.008896,0.991104
974,0.770654,0.229346
975,0.000000,1.000000
976,0.022517,0.977483
977,0.005661,0.994339
978,0.000000,1.000000
979,0.170057,0.829943
980,0.984250,0.015750
981,0.899040,0.100960
982,0.068028,0.931972
983,0.000002,0.999998
984,0.815054,0.184946
985,0.000016,0.999984
986,0.366299,0.633701
987,0.017281,0.982719
988,0.038741,0.961259
989,0.000000,1.000000
990,0.000000,1.000000
991,0.033222,0.966778
992,1.000000,0.000000
993,0.992080,0.007920
994,0.696177,0.303823
995,0.460734,0.539266
996,0.989214,0.010786
997,0.666429,0.333571
998,0.940290,0.059710
999,0.004157,0.995843
1000,0.050771,0.949229
1001,0.023795,0.976205
1002,0.000004,0.999996
1003,0.181647,0.818353
1004,0.000000,1.000000
1005,0.582776,0.417224
1006,0.011992,0.988008
1007,0.010039,0.989961
1008,0.915338,0.084662
1009,0.999748,0.000252
1010,0.983594,0.016406
1011,0.971035,0.028965
1012,0.044475,0.955525
1013,0.070588,0.929412
1014,0.000000,1.000000
1015,0.061833,0.938167
1016,0.006546,0.993454
1017,0.022010,0.977990
1018,0.015687,0.984313
1019,0.296507,0.703493
1020,0.000002,0.999998
1021,0.068037,0.931963
1022,0.000002,0.999998
1023,0.922048,0.077952
1024,0.074813,0.925187
1025,0.091992,0.908008
1026,0.093094,0.906906
1027,0.838655,0.161345
1028,0.788423,0.211577
1029,0.720097,0.279903
1030,0.740380,0.259620
1031,0.732202,0.267798
1032,0.476433,0.523567
1033,0.003697,0.996303
1034,0.884948,0.115052
1035,0.021409,0.978591
1036,0.024762,0.975238
1037,0.716048,0.283952
1038,0.000004,0.999996
1039,0.213442,0.786558
1040,0.230011,0.769989
1041,0.935155,0.064845
1042,0.005193,0.994807
1043,0.999987,0.000013
1044,0.645955,0.354045
1045,0.999846,0.000154
1046,0.155457,0.844543
1047,0.126421,0.873579
1048,0.000000,1.000000
1049,0.992466,0.007534
1050,1.000000,0.000000
1051,0.112903,0.887097
1052,0.755620,0.244380
1053,0.000000,1.000000
1054,0.979714,0.020286
1055,0.988909,0.011091
1056,0.002572,0.997428
1057,0.361017,0.638983
1058,0.765436,0.234564
1059,0.168393,0.831607
1060,1.000000,0.000000
1061,0.873773,0.126227
1062,0.695022,0.304978
1063,0.000000,1.000000
1064,0.000009,0.999991
1065,0.000006,0.999994
1066,0.019533,0.980467
1067,0.048724,0.951276
1068,0.208578,0.791422
1069,0.000000,1.000000
1070,0.104666,0.895334
1071,0.000000,1.000000
1072,0.003140,0.996860
1073,0.000003,0.999997
1074,0.352296,0.647704
1075,0.902734,0.097266
1076,0.029710,0.970290
1077,0.842825,0.157175
1078,0.127084,0.872916
1079,1.000000,0.000000
1080,0.018337,0.981663
1081,0.999999,0.000001
1082,0.540918,0.459082
1083,0.058140,0.941860
1084,0.013882,0.986118
1085,0.000000,1.000000
1086,0.071567,0.928433
1087,0.039359,0.960641
1088,0.999750,0.000250
1089,0.000000,1.000000
1090,0.014448,0.985552
1091,0.744342,0.255658
1092,0.998101,0.001899
1093,0.998441,0.001559
1094,0.999981,0.000019
1095,0.696371,0.303629
1096,0.984585,0.015415
1097,0.096077,0.903923
1098,0.019016,0.980984
1099,0.340721,0.659279
1100,0.005578,0.994422
1101,0.154701,0.845299
1102,0.298004,0.701996
1103,0.000000,1.000000
1104,0.229377,0.770623
1105,0.997129,0.002871
1106,0.976674,0.023326
1107,0.954465,0.045535
1108,0.205004,0.794996
1109,0.683665,0.316335
1110,0.013056,0.986944
1111,0.141037,0.858963
1112,0.641358,0.358642
1113,0.999868,0.000132
1114,0.319001,0.680999
1115,0.488541,0.511459
1116,0.000000,1.000000
1117,0.026691,0.973309
1118,0.360034,0.639966
1119,0.767745,0.232255
1120,0.072777,0.927223
1121,0.000000,1.000000
1122,0.000000,1.000000
1123,0.986523,0.013477
1124,0.929889,0.070111
1125,0.972998,0.027002
1126,0.996706,0.003294
1127,0.604822,0.395178
1128,0.960961,0.039039
1129,0.998393,0.001607
1130,0.002950,0.997050
1131,0.033268,0.966732
1132,0.137597,0.862403
1133,0.013383,0.986617
1134,0.026336,0.973664
1135,0.985881,0.014119
1136,0.638100,0.361900
1137,0.393075,0.606925
1138,0.000000,1.000000
1139,0.112418,0.887582
1140,0.003933,0.996067
1141,0.440029,0.559971
1142,0.982516,0.017484
1143,0.000000,1.000000
1144,0.000000,1.000000
1145,0.007954,0.992046
1146,0.914935,0.085065
1147,0.996850,0.003150
1148,0.032644,0.967356
1149,0.803678,0.196322
1150,0.999899,0.000101
1151,0.714391,0.285609
1152,0.315499,0.684501
1153,0.018531,0.981469
1154,0.002604,0.997396
1155,1.000000,0.000000
1156,0.605962,0.394038
1157,0.000002,0.999998
1158,1.000000,0.000000
1159,0.005381,0.994619
1160,0.999964,0.000036
1161,0.000004,0.999996
1162,0.032883,0.967117
1163,0.248863,0.751137
1164,0.601276,0.398724
1165,0.078952,0.921048
1166,0.000000,1.000000
1167,0.874955,0.125045
1168,0.007961,0.992039
1169,0.000000,1.000000
1170,0.945935,0.054065
1171,0.446634,0.553366
1172,0.999998,0.000002
1173,0.999852,0.000148
1174,0.998475,0.001525
1175,0.999922,0.000078
1176,1.000000,0.000000
1177,0.421186,0.578814
1178,0.305375,0.694625
1179,0.105944,0.894056
1180,0.044321,0.955679
1181,0.000000,1.000000
1182,0.927512,0.072488
1183,0.980143,0.019857
1184,0.715107,0.284893
1185,0.953523,0.046477
1186,0.735212,0.264788
1187,0.525347,0.474653
1188,0.000000,1.000000
1189,0.007884,0.992116
1190,0.880793,0.119207
1191,0.947968,0.052032
1192,0.964126,0.035874
1193,0.169139,0.830861
1194,0.000000,1.000000
1195,0.063613,0.936387
1196,0.942618,0.057382
1197,0.997280,0.002720
1198,0.000000,1.000000
1199,0.000000,1.000000
1200,0.990940,0.009060
1201,0.999998,0.000002
1202,0.894349,0.105651
1203,0.446801,0.553199
1204,0.613800,0.386200
1205,0.999990,0.000010
1206,0.034565,0.965435
1207,0.000000,1.000000
1208,0.999994,0.000006
1209,0.999721,0.000279
1210,0.000001,0.999999
1211,0.999999,0.000001
1212,0.007502,0.992498
1213,0.000000,1.000000
1214,0.000002,0.999998
1215,0.079397,0.920603
1216,0.999991,0.000009
1217,0.999109,0.000891
1218,1.000000,0.000000
1219,0.432206,0.567794
1220,0.999963,0.000037
1221,0.967689,0.032311
1222,0.071961,0.928039
1223,0.000000,1.000000
1224,0.586821,0.413179
1225,0.484916,0.515084
1226,0.999993,0.000007
1227,0.212410,0.787590
1228,0.050038,0.949962
1229,0.016036,0.983964
1230,0.980477,0.019523
1231,0.171787,0.828213
1232,0.529944,0.470056
1233,0.522767,0.477233
1234,1.000000,0.000000
1235,0.781731,0.218269
1236,0.999837,0.000163
1237,0.000000,1.000000
1238,0.290604,0.709396
1239,0.986849,0.013151
1240,0.000004,0.999996
1241,0.748211,0.251789
1242,0.008102,0.991898
1243,0.604393,0.395607
1244,0.123053,0.876947
1245,0.000002,0.999998
1246,0.107494,0.892506
1247,0.007784,0.992216
1248,0.941425,0.058575
1249,0.385644,0.614356
1250,0.968624,0.031376
1251,1.000000,0.000000
1252,1.000000,0.000000
1253,1.000000,0.000000
1254,0.017579,0.982421
1255,0.994648,0.005352
1256,0.549604,0.450396
1257,0.000000,1.000000
1258,0.457154,0.542846
1259,0.911755,0.088245
1260,0.820447,0.179553
1261,0.010798,0.989202
1262,0.002653,0.997347
1263,0.721407,0.278593
1264,0.009743,0.990257
1265,0.949732,0.050268
1266,0.999999,0.000001
1267,0.024371,0.975629
1268,0.272989,0.727011
1269,0.267630,0.732370
1270,1.000000,0.000000
1271,0.099583,0.900417
1272,0.038066,0.961934
1273,0.011271,0.988729
1274,0.000000,1.000000
1275,0.028656,0.971344
1276,0.009500,0.990500
1277,0.996266,0.003734
1278,0.004887,0.995113
1279,0.000000,1.000000
1280,0.000001,0.999999
1281,0.980177,0.019823
1282,0.992120,0.007880
1283,0.114173,0.885827
1284,0.152633,0.847367
1285,0.019132,0.980868
1286,0.986652,0.013348
1287,0.993613,0.006387
1288,0.022354,0.977646
1289,0.935559,0.064441
1290,0.015876,0.984124
1291,0.987332,0.012668
1292,0.018443,0.981557
1293,0.109905,0.890095
1294,0.994641,0.005359
1295,0.999953,0.000047
1296,0.994850,0.005150
1297,1.000000,0.000000
1298,0.000000,1.000000
1299,0.630362,0.369638
1300,0.262191,0.737809
1301,1.000000,0.000000
1302,0.000006,0.999994
1303,0.999976,0.000024
1304,0.999996,0.000004
1305,0.462221,0.537779
1306,0.231903,0.768097
1307,0.016036,0.983964
1308,0.998960,0.001040
1309,0.992300,0.007700
1310,0.188508,0.811492
1311,0.069000,0.931000
1312,0.967705,0.032295
1313,0.441127,0.558873
1314,0.999850,0.000150
1315,0.862299,0.137701
1316,0.918045,0.081955
1317,1.000000,0.000000
1318,0.991677,0.008323
1319,1.000000,0.000000
1320,0.997112,0.002888
1321,1.000000,0.000000
1322,0.950873,0.049127
1323,0.665423,0.334577
1324,0.868853,0.131147
1325,0.938399,0.061601
1326,0.011678,0.988322
1327,1.000000,0.000000
1328,0.071100,0.928900
1329,0.053576,0.946424
1330,0.000009,0.999991
1331,0.449150,0.550850
1332,0.999999,0.000001
1333,0.997358,0.002642
1334,0.999998,0.000002
1335,0.882272,0.117728
1336,0.000008,0.999992
1337,1.000000,0.000000
1338,0.663693,0.336307
1339,0.968903,0.031097
1340,0.000000,1.000000
1341,0.000000,1.000000
1342,0.000000,1.000000
1343,0.245446,0.754554
1344,1.000000,0.000000
1345,0.000000,1.000000
1346,1.000000,0.000000
1347,1.000000,0.000000
1348,1.000000,0.000000
1349,0.198615,0.801385
1350,0.002773,0.997227
1351,0.000016,0.999984
1352,0.955241,0.044759
1353,0.452269,0.547731
1354,1.000000,0.000000
1355,1.000000,0.000000
1356,0.007844,0.992156
1357,1.000000,0.000000
1358,0.835003,0.164997
1359,0.500000,0.500000
1360,0.826846,0.173154
1361,0.573344,0.426656
1362,0.998855,0.001145
1363,0.037780,0.962220
1364,0.444765,0.555235
1365,0.793479,0.206521
1366,0.930706,0.069294
1367,0.886468,0.113532
1368,0.100774,0.899226
1369,0.937558,0.062442
1370,0.000018,0.999982
1371,0.965508,0.034492
1372,0.993270,0.006730
1373,0.025229,0.974771
1374,0.067943,0.932057
1375,0.000000,1.000000
1376,0.378565,0.621435
1377,0.000017,0.999983
1378,1.000000,0.000000
1379,0.056658,0.943342
1380,0.664506,0.335494
1381,0.005119,0.994881
1382,0.002573,0.997427
1383,1.000000,0.000000
1384,0.680748,0.319252
1385,0.106849,0.893151
1386,0.015018,0.984982
1387,0.003411,0.996589
1388,0.079314,0.920686
1389,1.000000,0.000000
1390,0.000000,1.000000
1391,0.930922,0.069078
1392,0.999868,0.000132
1393,0.000010,0.999990
1394,1.000000,0.000000
1395,0.877724,0.122276
1396,0.626157,0.373843
1397,0.013234,0.986766
1398,0.148683,0.851317
1399,0.166564,0.833436
1400,0.996963,0.003037
1401,1.000000,0.000000
1402,0.355748,0.644252
1403,0.086050,0.913950
1404,0.999899,0.000101
1405,0.000001,0.999999
1406,0.005568,0.994432
1407,0.900810,0.099190
1408,0.549265,0.450735
1409,0.592903,0.407097
1410,0.764888,0.235112
1411,0.806806,0.193194
1412,0.433983,0.566017
1413,0.970304,0.029696
1414,0.441935,0.558065
1415,0.000000,1.000000
1416,0.017776,0.982224
1417,0.005204,0.994796
1418,0.997571,0.002429
1419,0.939998,0.060002
1420,0.043207,0.956793
1421,0.002840,0.997160
1422,1.000000,0.000000
1423,1.000000,0.000000
1424,0.999981,0.000019
1425,0.055294,0.944706
1426,1.000000,0.000000
1427,1.000000,0.000000
1428,1.000000,0.000000
1429,0.304732,0.695268
1430,1.000000,0.000000
1431,0.034416,0.965584
1432,0.877611,0.122389
1433,0.999931,0.000069
1434,0.428705,0.571295
1435,0.998440,0.001560
1436,0.005553,0.994447
1437,0.893310,0.106690
1438,0.992292,0.007708
1439,0.000000,1.000000
1440,0.000001,0.999999
1441,1.000000,0.000000
1442,0.956007,0.043993
1443,0.900307,0.099693
1444,0.957189,0.042811
1445,1.000000,0.000000
1446,0.999462,0.000538
1447,0.986202,0.013798
1448,0.008570,0.991430
1449,0.000004,0.999996
1450,0.928719,0.071281
1451,0.999983,0.000017
1452,0.999924,0.000076
1453,0.000000,1.000000
1454,0.784987,0.215013
1455,0.125924,0.874076
1456,0.000008,0.999992
1457,0.999999,0.000001
1458,0.000000,1.000000
1459,0.005039,0.994961
1460,1.000000,0.000000
1461,1.000000,0.000000
1462,1.000000,0.000000
1463,0.351829,0.648171
1464,1.000000,0.000000
1465,1.000000,0.000000
1466,1.000000,0.000000
1467,0.037883,0.962117
1468,0.000003,0.999997
1469,0.999736,0.000264
1470,0.742110,0.257890
1471,1.000000,0.000000
1472,0.083370,0.916630
1473,0.025568,0.974432
1474,0.975587,0.024413
1475,0.077595,0.922405
1476,0.768854,0.231146
1477,0.205100,0.794900
1478,0.061695,0.938305
1479,1.000000,0.000000
1480,0.009903,0.990097
1481,0.999996,0.000004
1482,0.142950,0.857050
1483,0.971919,0.028081
1484,0.060534,0.939466
1485,0.031145,0.968855
1486,0.004189,0.995811
1487,0.998205,0.001795
1488,0.827287,0.172713
1489,0.028104,0.971896
1490,1.000000,0.000000
1491,0.104502,0.895498
1492,0.227496,0.772504
1493,0.998263,0.001737
1494,0.148074,0.851926
1495,0.999720,0.000280
1496,0.999985,0.000015
1497,0.004816,0.995184
1498,0.000018,0.999982
1499,0.084573,0.915427
1500,0.997948,0.002052
1501,0.000000,1.000000
1502,0.686632,0.313368
1503,0.999708,0.000292
1504,0.428733,0.571267
1505,0.963378,0.036622
1506,0.999888,0.000112
1507,0.962479,0.037521
1508,0.908537,0.091463
1509,0.000010,0.999990
1510,0.061599,0.938401
1511,0.981186,0.018814
1512,0.931553,0.068447
1513,0.998286,0.001714
1514,0.000000,1.000000
1515,0.367632,0.632368
1516,0.000000,1.000000
1517,0.155075,0.844925
1518,0.059921,0.940079
1519,0.982246,0.017754
1520,0.799006,0.200994
1521,1.000000,0.000000
1522,0.004850,0.995150
1523,0.000000,1.000000
1524,0.140638,0.859362
1525,0.998710,0.001290
1526,1.000000,0.000000
1527,0.967490,0.032510
1528,0.998484,0.001516
1529,0.010271,0.989729
1530,0.000000,1.000000
1531,1.000000,0.000000
1532,0.998880,0.001120
1533,1.000000,0.000000
1534,1.000000,0.000000
1535,0.999960,0.000040
1536,0.012181,0.987819
1537,0.008495,0.991505
1538,0.294626,0.705374
1539,0.000000,1.000000
1540,0.098172,0.901828
1541,0.999999,0.000001
1542,0.000007,0.999993
1543,0.000004,0.999996
1544,0.000000,1.000000
1545,0.781920,0.218080
1546,0.996997,0.003003
1547,0.003340,0.996660
1548,0.052261,0.947739
1549,0.895952,0.104048
1550,0.740087,0.259913
1551,1.000000,0.000000
1552,0.804401,0.195599
1553,0.004851,0.995149
1554,0.000008,0.999992
1555,0.005177,0.994823
1556,0.004661,0.995339
1557,1.000000,0.000000
1558,0.007117,0.992883
1559,0.494015,0.505985
1560,0.672394,0.327606
1561,0.999998,0.000002
1562,0.000000,1.000000
1563,0.000000,1.000000
1564,0.015344,0.984656
1565,0.798481,0.201519
1566,0.999994,0.000006
1567,0.833948,0.166052
1568,0.466455,0.533545
1569,0.995243,0.004757
1570,0.999990,0.000010
1571,0.560879,0.439121
1572,0.581602,0.418398
1573,0.016585,0.983415
1574,0.022341,0.977659
1575,0.860584,0.139416
1576,0.999006,0.000994
1577,0.893178,0.106822
1578,0.999999,0.000001
1579,0.573524,0.426476
1580,0.187269,0.812731
1581,0.077974,0.922026
1582,0.035867,0.964133
1583,0.046625,0.953375
1584,0.932120,0.067880
1585,0.000002,0.999998
1586,0.000000,1.000000
1587,0.015304,0.984696
1588,0.601716,0.398284
1589,0.285316,0.714684
1590,0.967400,0.032600
1591,0.000000,1.000000
1592,0.016036,0.983964
1593,0.004214,0.995786
1594,0.005341,0.994659
1595,0.871932,0.128068
1596,0.061435,0.938565
1597,0.991505,0.008495
1598,0.971168,0.028832
1599,0.055069,0.944931
1600,0.999230,0.000770
1601,0.992438,0.007562
1602,0.353563,0.646437
1603,0.343608,0.656392
1604,0.335713,0.664287
1605,0.045205,0.954795
1606,0.647235,0.352765
1607,0.999345,0.000655
1608,1.000000,0.000000
1609,0.919736,0.080264
1610,0.022648,0.977352
1611,0.999603,0.000397
1612,0.315584,0.684416
1613,1.000000,0.000000
1614,0.000000,1.000000
1615,0.631845,0.368155
1616,0.992636,0.007364
1617,0.367714,0.632286
1618,0.980692,0.019308
1619,0.996852,0.003148
1620,0.004815,0.995185
1621,0.014576,0.985424
1622,0.066636,0.933364
1623,0.000000,1.000000
1624,0.000000,1.000000
1625,0.939520,0.060480
1626,0.000004,0.999996
1627,0.965794,0.034206
1628,0.999870,0.000130
1629,0.997332,0.002668
1630,0.686283,0.313717
1631,0.006035,0.993965
1632,0.033043,0.966957
1633,0.895501,0.104499
1634,0.027705,0.972295
1635,0.000000,1.000000
1636,0.326231,0.673769
1637,0.999990,0.000010
1638,0.069346,0.930654
1639,0.176442,0.823558
1640,0.160280,0.839720
1641,0.541399,0.458601
1642,0.014654,0.985346
1643,0.973877,0.026123
1644,0.034565,0.965435
1645,0.000001,0.999999
1646,1.000000,0.000000
1647,0.353662,0.646338
1648,0.999971,0.000029
1649,0.000000,1.000000
1650,0.018614,0.981386
1651,0.000000,1.000000
1652,0.518708,0.481292
1653,0.999998,0.000002
1654,0.999982,0.000018
1655,0.000000,1.000000
1656,0.234474,0.765526
1657,0.095600,0.904400
1658,0.013885,0.986115
1659,0.988007,0.011993
1660,0.832393,0.167607
1661,1.000000,0.000000
1662,0.999999,0.000001
1663,0.028338,0.971662
1664,0.996937,0.003063
1665,0.026053,0.973947
1666,0.002973,0.997027
1667,0.198500,0.801500
1668,0.876306,0.123694
1669,0.002860,0.997140
1670,0.000000,1.000000
1671,0.000000,1.000000
1672,0.726321,0.273679
1673,0.998459,0.001541
1674,0.038255,0.961745
1675,0.000002,0.999998
1676,0.004891,0.995109
1677,0.899196,0.100804
1678,0.109577,0.890423
1679,0.000000,1.000000
1680,0.998701,0.001299
1681,1.000000,0.000000
1682,1.000000,0.000000
1683,0.999995,0.000005
1684,0.385539,0.614461
1685,0.000014,0.999986
1686,0.003168,0.996832
1687,0.018355,0.981645
1688,0.080477,0.919523
1689,0.981004,0.018996
1690,0.811373,0.188627
1691,0.575620,0.424380
1692,1.000000,0.000000
1693,0.844101,0.155899
1694,0.987835,0.012165
1695,0.945796,0.054204
1696,0.893531,0.106469
1697,0.615849,0.384151
1698,0.690372,0.309628
1699,0.072215,0.927785
1700,0.044308,0.955692
