lambda:0.0
0.943333333333  0.923333333333  0.94  0.946666666667  0.926666666667  0.926666666667  0.936666666667  0.936666666667  0.956666666667  0.956666666667  
0.939333333333
lambda:0.0001
0.943333333333  0.923333333333  0.94  0.946666666667  0.926666666667  0.926666666667  0.936666666667  0.936666666667  0.956666666667  0.956666666667  
0.939333333333
lambda:0.001
0.943333333333  0.923333333333  0.94  0.946666666667  0.926666666667  0.926666666667  0.936666666667  0.936666666667  0.956666666667  0.956666666667  
0.939333333333
lambda:0.005
0.943333333333  0.923333333333  0.94  0.946666666667  0.926666666667  0.926666666667  0.936666666667  0.936666666667  0.956666666667  0.956666666667  
0.939333333333
lambda:0.01
0.943333333333  0.923333333333  0.94  0.946666666667  0.926666666667  0.926666666667  0.936666666667  0.94  0.956666666667  0.956666666667  
0.939666666667
lambda:0.02
0.94  0.923333333333  0.94  0.946666666667  0.926666666667  0.926666666667  0.936666666667  0.94  0.956666666667  0.956666666667  
0.939333333333
lambda:0.05
0.94  0.92  0.94  0.946666666667  0.926666666667  0.926666666667  0.936666666667  0.94  0.956666666667  0.953333333333  
0.938666666667
lambda:0.1
0.94  0.913333333333  0.94  0.946666666667  0.923333333333  0.923333333333  0.936666666667  0.94  0.96  0.953333333333  
0.937666666667
lambda:0.2
0.93  0.91  0.94  0.943333333333  0.916666666667  0.923333333333  0.936666666667  0.933333333333  0.953333333333  0.953333333333  
0.934
lambda:0.5
0.923333333333  0.906666666667  0.936666666667  0.946666666667  0.916666666667  0.92  0.926666666667  0.92  0.946666666667  0.94  
0.928333333333
lambda:1
0.893333333333  0.896666666667  0.926666666667  0.916666666667  0.883333333333  0.906666666667  0.91  0.89  0.92  0.93  
0.907333333333
lambda:2
0.85  0.863333333333  0.88  0.88  0.84  0.856666666667  0.876666666667  0.856666666667  0.87  0.906666666667  
0.868
lambda:5
0.816666666667  0.836666666667  0.843333333333  0.86  0.813333333333  0.833333333333  0.863333333333  0.823333333333  0.823333333333  0.873333333333  
0.838666666667
lambda:10
0.816666666667  0.836666666667  0.843333333333  0.856666666667  0.813333333333  0.836666666667  0.863333333333  0.82  0.823333333333  0.873333333333  
0.838333333333
