lambda:0.0
0.903333333333  0.906666666667  0.92  0.903333333333  0.906666666667  0.9  0.903333333333  0.893333333333  0.923333333333  0.92  
0.908
lambda:0.0001
0.9  0.91  0.92  0.906666666667  0.91  0.9  0.903333333333  0.9  0.923333333333  0.923333333333  
0.909666666667
lambda:0.001
0.906666666667  0.913333333333  0.936666666667  0.92  0.92  0.91  0.91  0.916666666667  0.936666666667  0.933333333333  
0.920333333333
lambda:0.005
0.916666666667  0.916666666667  0.933333333333  0.933333333333  0.926666666667  0.916666666667  0.916666666667  0.923333333333  0.936666666667  0.936666666667  
0.925666666667
lambda:0.01
0.93  0.916666666667  0.94  0.936666666667  0.933333333333  0.916666666667  0.923333333333  0.933333333333  0.936666666667  0.95  
0.931666666667
lambda:0.02
0.93  0.916666666667  0.943333333333  0.943333333333  0.94  0.923333333333  0.93  0.94  0.936666666667  0.96  
0.936333333333
lambda:0.05
0.933333333333  0.913333333333  0.943333333333  0.943333333333  0.936666666667  0.923333333333  0.936666666667  0.95  0.94  0.956666666667  
0.937666666667
lambda:0.1
0.946666666667  0.92  0.946666666667  0.943333333333  0.943333333333  0.926666666667  0.943333333333  0.956666666667  0.946666666667  0.96  
0.943333333333
lambda:0.2
0.956666666667  0.926666666667  0.946666666667  0.946666666667  0.94  0.93  0.943333333333  0.963333333333  0.95  0.966666666667  
0.947
lambda:0.5
0.966666666667  0.933333333333  0.95  0.943333333333  0.936666666667  0.936666666667  0.943333333333  0.96  0.96  0.966666666667  
0.949666666667
lambda:1.0
0.963333333333  0.93  0.946666666667  0.94  0.933333333333  0.94  0.943333333333  0.956666666667  0.963333333333  0.966666666667  
0.948333333333
lambda:2.0
0.953333333333  0.933333333333  0.943333333333  0.943333333333  0.936666666667  0.936666666667  0.933333333333  0.95  0.96  0.966666666667  
0.945666666667
lambda:5.0
0.953333333333  0.926666666667  0.94  0.946666666667  0.93  0.93  0.936666666667  0.943333333333  0.96  0.956666666667  
0.942333333333
lambda:10.0
0.95  0.923333333333  0.94  0.946666666667  0.93  0.926666666667  0.936666666667  0.936666666667  0.956666666667  0.956666666667  
0.940333333333
lambda:20.0
0.926666666667  0.906666666667  0.943333333333  0.943333333333  0.916666666667  0.926666666667  0.943333333333  0.933333333333  0.95  0.95  
0.934
lambda:50.0
0.923333333333  0.906666666667  0.936666666667  0.933333333333  0.903333333333  0.913333333333  0.936666666667  0.93  0.95  0.936666666667  
0.927
lambda:100.0
0.92  0.9  0.94  0.93  0.903333333333  0.916666666667  0.936666666667  0.926666666667  0.94  0.936666666667  
0.925
