lambda:0.0
0.92  0.9  0.94  0.93  0.903333333333  0.913333333333  0.936666666667  0.926666666667  0.94  0.936666666667  
0.924666666667
lambda:0.0001
0.92  0.9  0.94  0.93  0.903333333333  0.913333333333  0.936666666667  0.926666666667  0.94  0.936666666667  
0.924666666667
lambda:0.001
0.92  0.9  0.94  0.93  0.903333333333  0.913333333333  0.936666666667  0.926666666667  0.94  0.936666666667  
0.924666666667
lambda:0.005
0.92  0.9  0.94  0.93  0.903333333333  0.913333333333  0.936666666667  0.926666666667  0.94  0.936666666667  
0.924666666667
lambda:0.01
0.92  0.9  0.94  0.93  0.903333333333  0.91  0.936666666667  0.926666666667  0.94  0.936666666667  
0.924333333333
lambda:0.02
0.92  0.9  0.94  0.93  0.903333333333  0.91  0.936666666667  0.923333333333  0.94  0.936666666667  
0.924
lambda:0.05
0.92  0.9  0.936666666667  0.926666666667  0.903333333333  0.91  0.933333333333  0.923333333333  0.936666666667  0.936666666667  
0.922666666667
lambda:0.1
0.923333333333  0.896666666667  0.933333333333  0.93  0.903333333333  0.91  0.933333333333  0.92  0.93  0.94  
0.922
lambda:0.2
0.923333333333  0.896666666667  0.933333333333  0.92  0.903333333333  0.91  0.923333333333  0.92  0.92  0.94  
0.919
lambda:0.5
0.893333333333  0.893333333333  0.93  0.913333333333  0.9  0.9  0.913333333333  0.903333333333  0.92  0.94  
0.910666666667
lambda:1
0.88  0.89  0.913333333333  0.913333333333  0.886666666667  0.89  0.91  0.89  0.92  0.926666666667  
0.902
lambda:2
0.896666666667  0.88  0.906666666667  0.916666666667  0.886666666667  0.886666666667  0.913333333333  0.883333333333  0.913333333333  0.916666666667  
0.9
lambda:5
0.883333333333  0.876666666667  0.89  0.883333333333  0.843333333333  0.853333333333  0.866666666667  0.85  0.87  0.9  
0.871666666667
lambda:10
0.84  0.82  0.866666666667  0.853333333333  0.83  0.816666666667  0.836666666667  0.833333333333  0.836666666667  0.88  
0.841333333333
