lambda:0.0
0.943333333333  0.923333333333  0.94  0.946666666667  0.926666666667  0.926666666667  0.936666666667  0.936666666667  0.956666666667  0.956666666667  
0.939333333333
lambda:0.0001
0.943333333333  0.923333333333  0.94  0.946666666667  0.926666666667  0.926666666667  0.936666666667  0.936666666667  0.956666666667  0.956666666667  
0.939333333333
lambda:0.001
0.943333333333  0.923333333333  0.94  0.946666666667  0.926666666667  0.926666666667  0.936666666667  0.936666666667  0.956666666667  0.956666666667  
0.939333333333
lambda:0.005
0.943333333333  0.923333333333  0.94  0.946666666667  0.926666666667  0.926666666667  0.936666666667  0.936666666667  0.956666666667  0.956666666667  
0.939333333333
lambda:0.01
0.943333333333  0.923333333333  0.94  0.946666666667  0.926666666667  0.926666666667  0.936666666667  0.936666666667  0.956666666667  0.956666666667  
0.939333333333
lambda:0.02
0.943333333333  0.923333333333  0.94  0.946666666667  0.926666666667  0.926666666667  0.936666666667  0.936666666667  0.956666666667  0.956666666667  
0.939333333333
lambda:0.05
0.943333333333  0.923333333333  0.94  0.946666666667  0.926666666667  0.926666666667  0.936666666667  0.936666666667  0.956666666667  0.956666666667  
0.939333333333
lambda:0.1
0.943333333333  0.923333333333  0.94  0.946666666667  0.926666666667  0.926666666667  0.936666666667  0.936666666667  0.956666666667  0.956666666667  
0.939333333333
lambda:0.2
0.943333333333  0.923333333333  0.94  0.946666666667  0.926666666667  0.926666666667  0.936666666667  0.936666666667  0.956666666667  0.956666666667  
0.939333333333
lambda:0.5
0.94  0.923333333333  0.94  0.946666666667  0.926666666667  0.926666666667  0.936666666667  0.936666666667  0.956666666667  0.956666666667  
0.939
lambda:1
0.94  0.923333333333  0.94  0.946666666667  0.926666666667  0.926666666667  0.936666666667  0.936666666667  0.956666666667  0.953333333333  
0.938666666667
lambda:2
0.94  0.913333333333  0.94  0.946666666667  0.923333333333  0.926666666667  0.936666666667  0.94  0.953333333333  0.953333333333  
0.937333333333
lambda:5
0.926666666667  0.906666666667  0.943333333333  0.943333333333  0.916666666667  0.926666666667  0.943333333333  0.933333333333  0.95  0.953333333333  
0.934333333333
lambda:10
0.926666666667  0.906666666667  0.943333333333  0.94  0.913333333333  0.923333333333  0.94  0.93  0.953333333333  0.95  
0.932666666667
