lambda:0.0
0.853333333333  0.89  0.906666666667  0.883333333333  0.876666666667  0.883333333333  0.896666666667  0.86  0.873333333333  0.913333333333  
0.883666666667
lambda:0.0001
0.853333333333  0.89  0.906666666667  0.883333333333  0.876666666667  0.883333333333  0.896666666667  0.86  0.873333333333  0.913333333333  
0.883666666667
lambda:0.001
0.853333333333  0.89  0.906666666667  0.883333333333  0.876666666667  0.883333333333  0.896666666667  0.856666666667  0.873333333333  0.913333333333  
0.883333333333
lambda:0.005
0.853333333333  0.89  0.906666666667  0.883333333333  0.873333333333  0.88  0.896666666667  0.856666666667  0.873333333333  0.91  
0.882333333333
lambda:0.01
0.853333333333  0.89  0.906666666667  0.883333333333  0.873333333333  0.88  0.896666666667  0.856666666667  0.873333333333  0.91  
0.882333333333
lambda:0.02
0.85  0.89  0.906666666667  0.883333333333  0.873333333333  0.88  0.896666666667  0.856666666667  0.873333333333  0.91  
0.882
lambda:0.05
0.85  0.89  0.906666666667  0.883333333333  0.873333333333  0.88  0.896666666667  0.856666666667  0.873333333333  0.91  
0.882
lambda:0.1
0.85  0.89  0.906666666667  0.883333333333  0.873333333333  0.88  0.896666666667  0.856666666667  0.873333333333  0.91  
0.882
lambda:0.2
0.853333333333  0.89  0.903333333333  0.883333333333  0.873333333333  0.88  0.896666666667  0.856666666667  0.87  0.91  
0.881666666667
lambda:0.5
0.83  0.863333333333  0.87  0.873333333333  0.85  0.856666666667  0.893333333333  0.843333333333  0.84  0.89  
0.861
lambda:1
0.83  0.863333333333  0.87  0.873333333333  0.85  0.856666666667  0.893333333333  0.843333333333  0.84  0.89  
0.861
lambda:2
0.83  0.863333333333  0.87  0.873333333333  0.85  0.856666666667  0.893333333333  0.843333333333  0.84  0.89  
0.861
lambda:5
0.83  0.863333333333  0.87  0.873333333333  0.85  0.856666666667  0.893333333333  0.843333333333  0.84  0.89  
0.861
lambda:10
0.17  0.136666666667  0.13  0.126666666667  0.15  0.143333333333  0.106666666667  0.156666666667  0.16  0.11  
0.139
