lambda:0.0
0.943333333333  0.923333333333  0.94  0.946666666667  0.926666666667  0.926666666667  0.936666666667  0.936666666667  0.956666666667  0.956666666667  
0.939333333333
lambda:0.0001
0.943333333333  0.923333333333  0.94  0.946666666667  0.926666666667  0.926666666667  0.936666666667  0.936666666667  0.956666666667  0.956666666667  
0.939333333333
lambda:0.001
0.94  0.91  0.94  0.946666666667  0.923333333333  0.926666666667  0.94  0.936666666667  0.953333333333  0.953333333333  
0.937
lambda:0.005
0.926666666667  0.906666666667  0.94  0.94  0.913333333333  0.923333333333  0.94  0.93  0.953333333333  0.936666666667  
0.931
lambda:0.01
0.923333333333  0.906666666667  0.94  0.933333333333  0.903333333333  0.91  0.936666666667  0.93  0.946666666667  0.936666666667  
0.926666666667
lambda:0.02
0.92  0.9  0.94  0.93  0.903333333333  0.91  0.936666666667  0.923333333333  0.94  0.936666666667  
0.924
lambda:0.05
0.92  0.896666666667  0.936666666667  0.93  0.903333333333  0.91  0.933333333333  0.92  0.936666666667  0.936666666667  
0.922333333333
lambda:0.1
0.92  0.893333333333  0.933333333333  0.93  0.903333333333  0.91  0.933333333333  0.92  0.93  0.94  
0.921333333333
lambda:0.2
0.923333333333  0.896666666667  0.933333333333  0.92  0.893333333333  0.896666666667  0.92  0.92  0.92  0.94  
0.916333333333
lambda:0.5
0.87  0.886666666667  0.92  0.913333333333  0.89  0.893333333333  0.913333333333  0.896666666667  0.923333333333  0.93  
0.903666666667
lambda:1
0.886666666667  0.883333333333  0.903333333333  0.916666666667  0.883333333333  0.883333333333  0.91  0.883333333333  0.916666666667  0.92  
0.898666666667
lambda:2
0.893333333333  0.876666666667  0.896666666667  0.91  0.87  0.88  0.893333333333  0.863333333333  0.886666666667  0.91  
0.888
lambda:5
0.87  0.843333333333  0.873333333333  0.866666666667  0.85  0.82  0.84  0.836666666667  0.853333333333  0.88  
0.853333333333
lambda:10
0.816666666667  0.776666666667  0.83  0.833333333333  0.803333333333  0.79  0.8  0.76  0.81  0.87  
0.809
