lambda:0.0
0.92  0.916666666667  0.916666666667  0.93  0.91  0.92  0.923333333333  0.926666666667  0.953333333333  0.933333333333  
0.925
lambda:0.0001
0.92  0.916666666667  0.92  0.933333333333  0.91  0.913333333333  0.926666666667  0.916666666667  0.96  0.94  
0.925666666667
lambda:0.001
0.926666666667  0.913333333333  0.926666666667  0.93  0.913333333333  0.916666666667  0.923333333333  0.923333333333  0.96  0.95  
0.928333333333
lambda:0.005
0.926666666667  0.93  0.913333333333  0.93  0.916666666667  0.91  0.916666666667  0.933333333333  0.956666666667  0.933333333333  
0.926666666667
lambda:0.01
0.926666666667  0.923333333333  0.92  0.933333333333  0.9  0.92  0.923333333333  0.923333333333  0.956666666667  0.946666666667  
0.927333333333
lambda:0.02
0.926666666667  0.913333333333  0.923333333333  0.93  0.916666666667  0.923333333333  0.926666666667  0.916666666667  0.956666666667  0.936666666667  
0.927
lambda:0.05
0.916666666667  0.923333333333  0.92  0.933333333333  0.906666666667  0.916666666667  0.92  0.9  0.95  0.953333333333  
0.924
lambda:0.1
0.923333333333  0.913333333333  0.916666666667  0.926666666667  0.92  0.923333333333  0.916666666667  0.923333333333  0.95  0.93  
0.924333333333
lambda:0.2
0.916666666667  0.913333333333  0.92  0.93  0.913333333333  0.913333333333  0.916666666667  0.923333333333  0.956666666667  0.946666666667  
0.925
lambda:0.5
0.903333333333  0.906666666667  0.916666666667  0.933333333333  0.903333333333  0.923333333333  0.923333333333  0.92  0.956666666667  0.936666666667  
0.922333333333
lambda:1
0.91  0.903333333333  0.913333333333  0.936666666667  0.903333333333  0.913333333333  0.923333333333  0.903333333333  0.95  0.936666666667  
0.919333333333
lambda:2
0.9  0.903333333333  0.92  0.92  0.886666666667  0.893333333333  0.92  0.903333333333  0.943333333333  0.933333333333  
0.912333333333
lambda:5
0.896666666667  0.876666666667  0.913333333333  0.92  0.88  0.89  0.906666666667  0.9  0.923333333333  0.94  
0.904666666667
lambda:10
0.876666666667  0.873333333333  0.91  0.91  0.866666666667  0.883333333333  0.906666666667  0.88  0.906666666667  0.926666666667  
0.894
