

New run starts here 


File name: newtest1.py
=======================


text shape
 (4743,)
test text
 (1701,)
size of TfIdf vocabulary(Number of Unique Words from the data set):  11236 
Total number of tweets:  4743 
Total tweets in test:  1701
timesteps: 32
num_hidden in LSTM: 20
Feed Fwd Neural Network hidden unit size: 8
Learning Rate: 0.005
Training Steps: 7
elu activation in all layers
Training step 1 acc: 0.730000

Training step 2 acc: 0.909000

Training step 3 acc: 0.938000

Training step 4 acc: 0.947000

Training step 5 acc: 0.949000

Training step 6 acc: 0.952000

Training step 7 acc: 0.954000

Optimization Finished!
Total time taken = 0 hours, 2 minutes and 37.9267 seconds
0.998742 , 0.00125827
0.998989 , 0.00101098
0.0474441 , 0.952556
0.993258 , 0.00674163
0.133299 , 0.866701
0.664473 , 0.335527
0.999644 , 0.000355846
0.999865 , 0.000135194
0.678472 , 0.321528
0.165202 , 0.834798
0.981912 , 0.0180881
0.948462 , 0.0515377
0.997509 , 0.00249078
0.266891 , 0.733109
0.880736 , 0.119264
0.499104 , 0.500896
0.418933 , 0.581067
0.00317534 , 0.996825
0.970889 , 0.0291115
0.5 , 0.5
0.723898 , 0.276102
0.729522 , 0.270478
0.747586 , 0.252414
0.0068467 , 0.993153
0.727035 , 0.272965
0.424112 , 0.575888
0.461841 , 0.538159
0.952529 , 0.0474705
0.998915 , 0.00108458
0.952574 , 0.0474259
0.880797 , 0.119203
0.281261 , 0.718739
0.786775 , 0.213225
0.9933 , 0.00669994
0.00677133 , 0.993229
0.998551 , 0.00144935
0.991358 , 0.00864219
0.997292 , 0.00270844
0.5 , 0.5
0.00293642 , 0.997064
0.996952 , 0.00304775
0.0732876 , 0.926712
0.999657 , 0.000343154
0.993305 , 0.00669469
0.841285 , 0.158714
0.044186 , 0.955814
0.5 , 0.5
0.170559 , 0.829441
0.999551 , 0.000449295
0.992204 , 0.00779638
0.955951 , 0.0440486
0.83331 , 0.16669
0.9903 , 0.00969997
0.982768 , 0.0172322
0.978547 , 0.0214531
0.100002 , 0.899998
0.995041 , 0.00495894
0.998865 , 0.00113494
0.993307 , 0.00669341
0.00278903 , 0.997211
0.872441 , 0.127559
0.992774 , 0.00722624
0.999289 , 0.000711424
0.989648 , 0.0103523
0.948407 , 0.0515928
0.953628 , 0.0463725
0.0422618 , 0.957738
0.710419 , 0.289581
0.952564 , 0.0474357
0.992565 , 0.00743528
0.0605813 , 0.939419
0.5 , 0.5
0.94508 , 0.0549205
0.868282 , 0.131718
0.952943 , 0.0470568
0.999664 , 0.000336356
0.999931 , 6.86171e-05
0.999983 , 1.73343e-05
0.98542 , 0.0145804
0.993433 , 0.00656662
0.999983 , 1.67167e-05
0.997527 , 0.00247283
0.999993 , 7.09643e-06
0.932591 , 0.0674087
0.964934 , 0.035066
0.984695 , 0.0153051
0.0314909 , 0.968509
0.927884 , 0.0721162
0.447335 , 0.552665
0.999661 , 0.00033923
0.118169 , 0.881831
0.811281 , 0.188719
0.952337 , 0.0476628
0.5 , 0.5
0.5 , 0.5
0.859749 , 0.140251
0.952522 , 0.0474783
0.877597 , 0.122403
0.999974 , 2.56266e-05
0.928784 , 0.0712161
0.999087 , 0.000913008
0.102232 , 0.897768
0.999664 , 0.000335817
0.999089 , 0.000911053
0.0213129 , 0.978687
0.944007 , 0.0559932
0.996968 , 0.00303171
0.981987 , 0.0180126
0.926268 , 0.0737324
0.998629 , 0.00137068
0.999747 , 0.000252938
0.982014 , 0.0179863
0.999489 , 0.000510947
0.5 , 0.5
0.000151594 , 0.999848
0.987012 , 0.0129878
0.980135 , 0.0198655
0.00525476 , 0.994745
0.992544 , 0.00745575
0.948731 , 0.0512685
0.993307 , 0.00669315
0.74672 , 0.25328
0.952816 , 0.0471842
0.999663 , 0.000336729
0.391911 , 0.608089
0.999875 , 0.00012466
0.99329 , 0.00670991
0.952461 , 0.0475392
0.981785 , 0.0182154
0.999868 , 0.000132034
0.948811 , 0.0511887
0.62428 , 0.37572
0.999088 , 0.000911924
0.999869 , 0.000130683
0.981973 , 0.0180266
0.00694569 , 0.993054
0.0486841 , 0.951316
0.999998 , 2.28008e-06
0.999998 , 2.26163e-06
0.999954 , 4.57838e-05
0.993155 , 0.00684516
0.981691 , 0.0183086
0.999875 , 0.000124672
0.996961 , 0.00303874
0.999598 , 0.000402187
0.0179867 , 0.982013
0.998812 , 0.00118754
0.99985 , 0.00015016
0.999643 , 0.000357385
0.00586928 , 0.994131
0.999652 , 0.000347791
0.834176 , 0.165823
0.999982 , 1.78686e-05
0.26896 , 0.73104
0.99886 , 0.00114001
0.880695 , 0.119305
0.946013 , 0.0539867
0.970453 , 0.0295467
0.998958 , 0.00104166
0.952424 , 0.047576
0.997527 , 0.00247265
0.952523 , 0.0474775
0.999662 , 0.000338219
0.988337 , 0.0116632
0.988199 , 0.0118013
0.999874 , 0.00012647
0.999044 , 0.000956163
0.00102429 , 0.998976
0.997527 , 0.00247298
0.526361 , 0.473639
0.989123 , 0.010877
0.999658 , 0.000342054
0.997527 , 0.00247267
0.974305 , 0.0256952
0.5 , 0.5
0.95255 , 0.0474503
0.511201 , 0.488799
0.912065 , 0.0879346
0.328924 , 0.671076
0.579437 , 0.420563
0.981092 , 0.0189078
0.5 , 0.5
0.776541 , 0.223459
0.9818 , 0.0181996
0.944855 , 0.0551454
0.577698 , 0.422302
0.982005 , 0.0179948
0.953775 , 0.0462255
0.980895 , 0.0191054
0.999665 , 0.000335468
0.99915 , 0.000849652
0.984479 , 0.0155211
0.990101 , 0.00989946
0.99908 , 0.000919748
0.997499 , 0.00250132
0.99982 , 0.000179905
0.993285 , 0.00671469
0.958395 , 0.0416049
0.993249 , 0.00675123
0.999067 , 0.000933232
0.282923 , 0.717077
0.121722 , 0.878278
0.167507 , 0.832493
0.32143 , 0.67857
0.819447 , 0.180553
0.648787 , 0.351213
0.181765 , 0.818235
0.999089 , 0.000911112
0.997527 , 0.00247262
0.900254 , 0.0997458
0.997166 , 0.00283431
0.99323 , 0.00676997
0.742235 , 0.257765
0.997245 , 0.00275543
0.224228 , 0.775772
0.0448782 , 0.955122
0.999057 , 0.000943307
0.983849 , 0.0161516
0.457793 , 0.542207
0.995402 , 0.00459829
0.5 , 0.5
0.999983 , 1.71803e-05
0.99554 , 0.00445961
0.997034 , 0.00296635
0.999574 , 0.000425802
0.0646237 , 0.935376
0.0191318 , 0.980868
0.0488217 , 0.951178
0.000935472 , 0.999065
0.872039 , 0.127961
0.00100781 , 0.998992
0.5 , 0.5
0.997522 , 0.00247789
0.999603 , 0.000397322
0.5 , 0.5
0.997527 , 0.00247288
0.0634511 , 0.936549
0.993295 , 0.00670503
0.993289 , 0.00671069
0.993408 , 0.00659208
0.00714579 , 0.992854
0.998861 , 0.00113894
0.0782585 , 0.921741
0.999664 , 0.000335722
0.119325 , 0.880675
0.950385 , 0.0496151
0.717616 , 0.282384
0.0716069 , 0.928393
0.396104 , 0.603896
0.739759 , 0.260241
0.496429 , 0.503571
0.0909426 , 0.909057
0.5 , 0.5
0.976943 , 0.0230573
0.951634 , 0.0483657
0.552981 , 0.447019
0.928195 , 0.0718054
0.999876 , 0.000123686
0.999612 , 0.000387652
0.981988 , 0.0180121
0.998907 , 0.00109323
0.999087 , 0.000912894
0.999083 , 0.000917247
0.999946 , 5.40564e-05
0.00734145 , 0.992659
0.999875 , 0.000125355
0.997506 , 0.00249442
0.993307 , 0.00669285
0.980426 , 0.0195736
0.000125025 , 0.999875
0.993293 , 0.00670679
0.999876 , 0.000124052
0.5 , 0.5
0.302979 , 0.697021
0.002329 , 0.997671
0.980983 , 0.0190172
0.967842 , 0.0321579
0.268945 , 0.731055
0.953956 , 0.0460438
0.999821 , 0.000178649
0.978753 , 0.0212473
0.975538 , 0.024462
0.833722 , 0.166278
0.133821 , 0.866179
0.677438 , 0.322562
0.371699 , 0.628301
0.952537 , 0.0474634
0.997506 , 0.00249429
0.949668 , 0.0503325
0.999887 , 0.000112552
0.349939 , 0.650061
0.932343 , 0.0676573
0.980031 , 0.0199689
0.949115 , 0.0508847
0.999636 , 0.000364238
0.952574 , 0.0474262
0.00676884 , 0.993231
0.627405 , 0.372595
0.97786 , 0.0221398
0.119267 , 0.880732
0.980308 , 0.0196924
0.998924 , 0.00107605
0.999941 , 5.9399e-05
0.613024 , 0.386976
0.0232878 , 0.976712
0.730343 , 0.269657
0.0195947 , 0.980405
0.1008 , 0.8992
0.560691 , 0.439309
0.997523 , 0.00247646
0.992715 , 0.00728521
0.0474701 , 0.95253
0.0308826 , 0.969117
0.000473983 , 0.999526
0.981793 , 0.0182071
0.991865 , 0.00813469
0.994758 , 0.00524184
0.147061 , 0.852939
0.09239 , 0.90761
0.938431 , 0.061569
0.00338369 , 0.996616
0.880795 , 0.119205
0.5 , 0.5
0.999876 , 0.000124408
0.985207 , 0.0147933
0.808042 , 0.191958
0.00716368 , 0.992836
0.0711356 , 0.928864
0.47211 , 0.52789
0.5 , 0.5
0.5 , 0.5
0.997527 , 0.00247289
0.876138 , 0.123862
0.98775 , 0.0122495
0.00670322 , 0.993297
0.904841 , 0.0951595
0.980883 , 0.0191174
0.999088 , 0.000912192
0.5 , 0.5
0.120369 , 0.879631
0.978865 , 0.0211349
0.398175 , 0.601825
0.949242 , 0.0507577
0.993305 , 0.00669538
0.997516 , 0.00248436
0.880792 , 0.119208
0.999856 , 0.000143914
0.696764 , 0.303236
0.402733 , 0.597267
0.569481 , 0.430519
0.999129 , 0.000871136
0.952257 , 0.047743
0.88033 , 0.11967
0.880792 , 0.119208
0.940894 , 0.059106
0.730875 , 0.269125
0.981987 , 0.0180128
0.990947 , 0.009053
0.999876 , 0.00012358
0.0693584 , 0.930642
0.897802 , 0.102198
0.998712 , 0.0012877
0.999983 , 1.67676e-05
0.999955 , 4.53988e-05
0.104948 , 0.895051
0.993307 , 0.00669292
0.984531 , 0.0154694
0.998601 , 0.00139865
0.0271106 , 0.972889
0.998943 , 0.00105691
0.0331607 , 0.966839
0.00640904 , 0.993591
0.874655 , 0.125345
0.997291 , 0.00270915
0.0378355 , 0.962164
0.999796 , 0.000203731
0.981953 , 0.0180467
0.5 , 0.5
0.281596 , 0.718404
0.87834 , 0.12166
0.992896 , 0.00710426
0.0297895 , 0.97021
0.0476429 , 0.952357
0.993904 , 0.00609604
0.0868531 , 0.913147
0.02414 , 0.97586
0.0167538 , 0.983246
0.997527 , 0.00247263
0.924848 , 0.0751521
0.057604 , 0.942396
0.894854 , 0.105146
0.00153669 , 0.998463
0.456446 , 0.543554
0.479948 , 0.520052
0.999639 , 0.000360985
0.5 , 0.5
0.981785 , 0.018215
0.951955 , 0.0480453
0.975904 , 0.0240959
0.992827 , 0.00717339
0.999083 , 0.000916712
0.996251 , 0.00374936
0.00103324 , 0.998967
0.0179867 , 0.982013
0.00253668 , 0.997463
7.06348e-06 , 0.999993
0.5 , 0.5
0.880663 , 0.119337
0.5 , 0.5
0.6923 , 0.3077
0.511966 , 0.488034
0.993091 , 0.0069091
0.365178 , 0.634822
0.5 , 0.5
0.998973 , 0.00102746
0.5 , 0.5
0.5 , 0.5
0.5 , 0.5
0.999994 , 6.26056e-06
0.719116 , 0.280884
0.997521 , 0.00247933
0.967589 , 0.0324112
0.0554984 , 0.944502
0.999024 , 0.000976045
0.952516 , 0.0474842
0.000150347 , 0.99985
0.994468 , 0.00553224
0.981267 , 0.018733
0.897983 , 0.102017
0.729963 , 0.270037
0.282434 , 0.717566
0.686955 , 0.313045
0.681441 , 0.318559
0.981957 , 0.018043
0.99895 , 0.00104977
0.498868 , 0.501132
0.468471 , 0.531529
0.119054 , 0.880946
0.997498 , 0.00250165
0.0182604 , 0.98174
0.947755 , 0.0522448
0.124557 , 0.875443
0.981718 , 0.0182824
0.9961 , 0.00390033
0.936699 , 0.0633008
0.999069 , 0.000931123
0.997445 , 0.00255487
0.5 , 0.5
0.533226 , 0.466774
0.0382974 , 0.961703
0.940631 , 0.0593694
0.932084 , 0.0679163
0.5 , 0.5
0.99466 , 0.00534007
0.498884 , 0.501116
0.5 , 0.5
0.978919 , 0.0210807
0.814326 , 0.185674
0.981296 , 0.0187035
0.952574 , 0.0474264
0.60591 , 0.394091
0.708031 , 0.291969
0.0757965 , 0.924204
0.119745 , 0.880255
0.952112 , 0.0478884
0.95257 , 0.0474296
0.5 , 0.5
0.960608 , 0.0393919
0.98199 , 0.0180097
0.0432425 , 0.956758
0.0205575 , 0.979443
0.999615 , 0.000384561
0.997524 , 0.00247601
0.987845 , 0.0121546
0.0998737 , 0.900126
0.981471 , 0.0185287
0.992719 , 0.00728068
0.97773 , 0.02227
0.00696423 , 0.993036
0.981699 , 0.0183015
0.839706 , 0.160294
0.333081 , 0.666919
0.977495 , 0.022505
0.952191 , 0.0478086
0.680324 , 0.319676
0.00336387 , 0.996636
0.339338 , 0.660662
0.924209 , 0.0757909
0.591921 , 0.408079
0.999357 , 0.000642715
0.771593 , 0.228407
0.997525 , 0.00247527
0.695311 , 0.304688
0.804193 , 0.195807
0.880582 , 0.119418
0.948172 , 0.0518281
0.997525 , 0.00247463
0.993295 , 0.0067051
0.999983 , 1.68453e-05
0.00100275 , 0.998997
0.992276 , 0.00772413
0.998885 , 0.00111466
0.880775 , 0.119225
0.00028027 , 0.99972
0.999642 , 0.000357485
0.091732 , 0.908268
0.876886 , 0.123114
0.0459642 , 0.954036
0.730131 , 0.269869
0.00276497 , 0.997235
0.879216 , 0.120784
0.909467 , 0.0905333
0.5 , 0.5
0.999636 , 0.0003638
0.17195 , 0.82805
0.989067 , 0.0109328
0.999087 , 0.00091308
0.489846 , 0.510154
0.998923 , 0.00107738
0.99887 , 0.00113
0.999088 , 0.000912375
0.993015 , 0.00698534
0.999952 , 4.7917e-05
0.385885 , 0.614115
0.997524 , 0.00247644
0.833494 , 0.166506
0.997911 , 0.00208915
0.999076 , 0.000924136
0.981844 , 0.0181556
0.993278 , 0.00672193
0.293576 , 0.706424
0.976682 , 0.0233184
0.19591 , 0.80409
0.999089 , 0.000911337
0.980044 , 0.0199565
0.90303 , 0.0969698
0.866612 , 0.133388
0.99992 , 7.97357e-05
0.982002 , 0.0179982
0.992143 , 0.00785704
0.341223 , 0.658777
0.5 , 0.5
0.730683 , 0.269317
0.981746 , 0.0182539
0.992845 , 0.00715528
0.0181478 , 0.981852
0.993172 , 0.00682846
0.981798 , 0.0182025
0.947578 , 0.0524222
0.498735 , 0.501265
0.350994 , 0.649006
0.570465 , 0.429535
0.872609 , 0.127391
0.834371 , 0.165629
0.993297 , 0.00670273
0.992037 , 0.0079635
0.980202 , 0.0197977
0.850411 , 0.149589
0.730364 , 0.269636
0.999998 , 2.30211e-06
0.908406 , 0.0915938
0.997269 , 0.00273077
0.999057 , 0.00094283
0.996479 , 0.00352115
0.775043 , 0.224957
0.989311 , 0.0106888
0.999896 , 0.000103677
0.00264724 , 0.997353
0.290358 , 0.709642
0.96764 , 0.0323598
0.956 , 0.0440002
0.981682 , 0.0183181
0.731042 , 0.268958
0.993214 , 0.0067858
0.997245 , 0.00275487
0.880723 , 0.119277
0.978172 , 0.0218277
0.93517 , 0.0648298
0.997452 , 0.00254777
0.990018 , 0.00998184
0.999052 , 0.000947928
0.998939 , 0.0010609
0.998786 , 0.00121374
0.516934 , 0.483066
0.748417 , 0.251583
0.997527 , 0.00247282
0.999665 , 0.000335357
0.993277 , 0.00672321
0.914643 , 0.0853565
0.993109 , 0.00689123
0.95155 , 0.0484497
0.731035 , 0.268965
0.99953 , 0.000469975
0.00884966 , 0.99115
0.994015 , 0.00598551
0.694631 , 0.305369
0.997495 , 0.00250546
0.469852 , 0.530148
0.99998 , 2.0118e-05
0.707019 , 0.292981
0.0474264 , 0.952574
0.79418 , 0.20582
0.302124 , 0.697876
0.997506 , 0.00249405
0.952482 , 0.0475183
0.997012 , 0.00298792
0.990814 , 0.00918626
0.104479 , 0.895521
0.90108 , 0.0989202
0.98201 , 0.0179905
0.999911 , 8.85614e-05
0.99728 , 0.00271987
0.998983 , 0.00101734
0.952115 , 0.0478848
0.729657 , 0.270343
0.980937 , 0.0190633
0.731035 , 0.268965
0.973564 , 0.026436
0.534392 , 0.465608
0.999088 , 0.000911608
0.993141 , 0.00685894
0.994155 , 0.005845
0.999952 , 4.79126e-05
0.0440733 , 0.955927
0.99732 , 0.00267987
0.108227 , 0.891773
0.8275 , 0.1725
0.981931 , 0.0180695
0.997527 , 0.00247268
0.864553 , 0.135447
0.0180432 , 0.981957
0.880391 , 0.119609
0.803899 , 0.196101
0.946574 , 0.053426
0.339694 , 0.660306
0.411375 , 0.588625
0.728779 , 0.271221
0.996722 , 0.00327815
0.00294891 , 0.997051
0.140931 , 0.859069
0.999014 , 0.000985802
0.70641 , 0.29359
0.997224 , 0.00277587
0.47941 , 0.52059
0.99607 , 0.00392981
0.999663 , 0.000337252
0.952567 , 0.0474332
0.00670237 , 0.993298
0.988384 , 0.0116162
0.99751 , 0.00248995
0.206244 , 0.793756
0.966637 , 0.0333634
0.999597 , 0.000403276
0.929994 , 0.0700063
0.996993 , 0.00300659
0.75218 , 0.24782
0.125967 , 0.874033
0.944823 , 0.055177
0.856449 , 0.143551
0.999079 , 0.000920486
0.979825 , 0.0201753
0.99899 , 0.00101014
0.0192016 , 0.980798
0.253765 , 0.746235
0.768927 , 0.231073
0.981913 , 0.0180871
0.874747 , 0.125253
0.999023 , 0.000976745
0.993373 , 0.00662719
0.999663 , 0.000337302
0.995001 , 0.00499908
0.999038 , 0.000962165
0.999983 , 1.68368e-05
0.999955 , 4.54013e-05
0.960113 , 0.0398867
0.880979 , 0.119021
0.501551 , 0.498449
0.5 , 0.5
0.999954 , 4.59864e-05
0.998906 , 0.00109386
0.993122 , 0.00687822
0.0408272 , 0.959173
0.270657 , 0.729343
0.00198 , 0.99802
0.5 , 0.5
0.981386 , 0.0186141
0.84769 , 0.15231
0.00103456 , 0.998965
0.473752 , 0.526248
0.306226 , 0.693774
0.949299 , 0.0507013
0.951697 , 0.0483032
0.513135 , 0.486865
0.5 , 0.5
0.999036 , 0.00096356
0.997086 , 0.00291394
0.463932 , 0.536068
0.001796 , 0.998204
0.0507601 , 0.94924
0.99517 , 0.00483006
0.000919837 , 0.99908
0.997562 , 0.00243816
0.0530439 , 0.946956
0.993307 , 0.00669318
0.995876 , 0.00412434
0.998851 , 0.00114936
0.445003 , 0.554997
0.95247 , 0.0475296
0.110862 , 0.889138
0.123074 , 0.876926
0.997524 , 0.00247551
0.879179 , 0.120821
0.317558 , 0.682442
0.5 , 0.5
0.992074 , 0.00792594
0.729303 , 0.270697
0.389596 , 0.610404
0.0379701 , 0.96203
0.814945 , 0.185055
0.99995 , 4.97313e-05
0.994817 , 0.0051829
0.0234662 , 0.976534
0.659298 , 0.340702
0.999966 , 3.43389e-05
0.98198 , 0.01802
0.998568 , 0.00143237
0.00302414 , 0.996976
0.863882 , 0.136118
4.18781e-05 , 0.999958
0.991864 , 0.00813584
0.901668 , 0.0983324
0.974182 , 0.0258183
0.998735 , 0.00126535
0.999998 , 2.31163e-06
0.48585 , 0.51415
0.999086 , 0.000914241
0.30757 , 0.69243
0.365945 , 0.634055
0.00192605 , 0.998074
0.200815 , 0.799185
0.999662 , 0.000337811
0.799018 , 0.200982
0.972185 , 0.027815
0.952454 , 0.0475465
0.425428 , 0.574572
0.971872 , 0.0281277
0.850516 , 0.149484
0.502313 , 0.497687
0.99966 , 0.000339675
0.55973 , 0.44027
0.839586 , 0.160414
0.999875 , 0.000124781
0.999907 , 9.24506e-05
0.400668 , 0.599332
0.876218 , 0.123782
0.5 , 0.5
0.0181441 , 0.981856
0.699388 , 0.300612
0.947085 , 0.0529147
0.997269 , 0.00273094
0.999982 , 1.85192e-05
0.500532 , 0.499468
0.018592 , 0.981408
0.891073 , 0.108927
0.904715 , 0.0952847
0.990803 , 0.00919748
0.993238 , 0.00676187
0.999932 , 6.79861e-05
0.693608 , 0.306392
0.5 , 0.5
0.998915 , 0.00108474
0.0476053 , 0.952395
0.43798 , 0.56202
0.992449 , 0.0075507
0.965604 , 0.0343958
0.869794 , 0.130206
0.978575 , 0.0214254
0.812819 , 0.187181
0.935344 , 0.0646563
0.00108921 , 0.998911
0.909378 , 0.0906219
0.917612 , 0.0823883
0.000175677 , 0.999824
0.952336 , 0.0476637
0.265929 , 0.734071
0.375098 , 0.624902
0.5 , 0.5
0.5 , 0.5
0.5 , 0.5
0.000336504 , 0.999663
0.911231 , 0.0887686
0.125528 , 0.874472
0.880782 , 0.119218
0.0913363 , 0.908664
0.653333 , 0.346667
0.0274805 , 0.97252
0.99266 , 0.00733992
0.882486 , 0.117514
0.678486 , 0.321514
0.999087 , 0.000913207
0.99742 , 0.0025804
0.00430014 , 0.9957
0.997526 , 0.00247395
0.950005 , 0.0499947
0.952567 , 0.0474334
0.993303 , 0.0066973
0.944633 , 0.055367
0.99702 , 0.00297954
0.999876 , 0.000123801
0.949965 , 0.0500353
0.0203264 , 0.979674
0.566668 , 0.433332
0.157182 , 0.842818
0.0266105 , 0.97339
0.0129516 , 0.987048
0.947042 , 0.052958
0.0839594 , 0.916041
0.999089 , 0.000911371
0.991252 , 0.00874772
0.5 , 0.5
0.872688 , 0.127312
0.91624 , 0.0837597
0.985808 , 0.0141915
0.999875 , 0.000124747
0.839151 , 0.160849
0.585168 , 0.414832
0.0474259 , 0.952574
0.0739759 , 0.926024
0.00227069 , 0.997729
0.918005 , 0.0819955
0.90999 , 0.0900103
0.867386 , 0.132614
0.5 , 0.5
0.2796 , 0.7204
0.246327 , 0.753673
0.697214 , 0.302786
0.124053 , 0.875947
0.892098 , 0.107902
0.997527 , 0.00247321
0.0225779 , 0.977422
0.134689 , 0.865311
0.999074 , 0.000925588
0.144976 , 0.855024
0.998444 , 0.00155592
0.943592 , 0.0564085
0.0998687 , 0.900131
0.952353 , 0.0476466
0.999382 , 0.000618132
0.993304 , 0.00669614
0.96221 , 0.0377896
0.997523 , 0.00247732
0.0610212 , 0.938979
0.998758 , 0.00124228
0.498833 , 0.501167
0.299141 , 0.700859
0.999656 , 0.000343637
0.5 , 0.5
0.721656 , 0.278344
0.999523 , 0.000476706
0.999994 , 6.20296e-06
0.999999 , 8.59587e-07
0.723956 , 0.276044
0.137591 , 0.862409
0.000524681 , 0.999475
0.730846 , 0.269154
0.0807256 , 0.919274
0.951057 , 0.0489429
0.11936 , 0.88064
0.932894 , 0.0671056
0.882326 , 0.117674
0.0491634 , 0.950837
0.268958 , 0.731042
0.0016596 , 0.99834
0.261674 , 0.738326
0.998736 , 0.00126382
0.5 , 0.5
0.731053 , 0.268947
0.0992699 , 0.90073
0.000140254 , 0.99986
0.339103 , 0.660897
0.00714981 , 0.99285
0.993249 , 0.00675065
0.999874 , 0.000125966
0.361711 , 0.638289
0.5 , 0.5
0.990609 , 0.0093913
0.996785 , 0.0032146
0.51639 , 0.48361
0.952369 , 0.0476312
0.935912 , 0.0640875
0.996579 , 0.00342065
0.980097 , 0.0199029
0.082992 , 0.917008
0.995885 , 0.00411534
0.937276 , 0.0627239
0.98149 , 0.0185103
0.972822 , 0.0271776
0.583978 , 0.416022
0.774046 , 0.225954
0.00244339 , 0.997557
0.999664 , 0.000335596
0.0474317 , 0.952568
0.999644 , 0.000355985
0.00709409 , 0.992906
0.997523 , 0.00247663
0.997426 , 0.00257436
0.993297 , 0.00670319
0.000363255 , 0.999637
0.272134 , 0.727866
0.982004 , 0.0179956
0.268941 , 0.731058
0.134939 , 0.865061
0.999876 , 0.000123443
0.993201 , 0.00679891
0.939947 , 0.0600527
0.998251 , 0.00174881
0.999084 , 0.000915477
0.869898 , 0.130102
0.50709 , 0.49291
0.5 , 0.5
0.986286 , 0.0137142
0.269048 , 0.730952
0.992994 , 0.00700624
0.993302 , 0.00669839
0.538434 , 0.461566
0.997508 , 0.00249151
0.999081 , 0.000919467
0.000930811 , 0.999069
0.999874 , 0.000125877
0.768304 , 0.231696
0.931907 , 0.0680926
0.993303 , 0.00669679
0.946799 , 0.0532009
0.997572 , 0.00242775
0.894212 , 0.105788
0.997136 , 0.002864
0.999655 , 0.000345232
0.998623 , 0.0013769
0.999548 , 0.000452456
0.997527 , 0.00247264
0.999822 , 0.000177779
0.999045 , 0.000955035
0.0223721 , 0.977628
0.951589 , 0.048411
0.99329 , 0.00670964
0.96441 , 0.0355903
0.98926 , 0.0107397
0.440858 , 0.559142
0.00453575 , 0.995464
0.446981 , 0.553019
0.5 , 0.5
0.324199 , 0.675801
0.5 , 0.5
0.952567 , 0.0474331
0.0183743 , 0.981626
0.5 , 0.5
0.731053 , 0.268947
0.9933 , 0.00669955
0.980955 , 0.0190452
0.999954 , 4.58971e-05
0.993287 , 0.00671256
0.974547 , 0.0254529
0.956466 , 0.0435335
0.997493 , 0.00250749
0.883499 , 0.116501
0.605774 , 0.394226
0.0386711 , 0.961329
0.997327 , 0.00267295
0.98192 , 0.0180796
0.00271754 , 0.997282
0.992386 , 0.00761361
0.345686 , 0.654314
0.5 , 0.5
0.862445 , 0.137555
0.993377 , 0.00662275
0.952463 , 0.0475366
0.373599 , 0.626401
0.938117 , 0.0618834
0.691829 , 0.308171
0.990695 , 0.00930495
0.952349 , 0.047651
0.998988 , 0.00101175
0.112795 , 0.887205
0.950087 , 0.0499133
0.5 , 0.5
0.659846 , 0.340154
0.0134924 , 0.986508
0.0207529 , 0.979247
0.831425 , 0.168575
0.0896287 , 0.910371
0.997496 , 0.00250357
0.846533 , 0.153467
0.5 , 0.5
0.696408 , 0.303592
0.999807 , 0.000192816
0.000361093 , 0.999639
0.999955 , 4.54169e-05
0.0418689 , 0.958131
0.0712297 , 0.92877
0.99883 , 0.00117015
0.997526 , 0.00247387
0.00125158 , 0.998748
0.5 , 0.5
0.0042387 , 0.995761
0.676387 , 0.323613
0.998737 , 0.00126267
0.06845 , 0.93155
0.332196 , 0.667804
0.184824 , 0.815176
0.997525 , 0.00247546
0.993304 , 0.00669629
0.0481459 , 0.951854
0.376982 , 0.623018
0.992864 , 0.00713553
0.784078 , 0.215922
0.859046 , 0.140954
0.437715 , 0.562285
0.646326 , 0.353674
0.00305057 , 0.996949
0.436119 , 0.563881
0.0516612 , 0.948339
0.710089 , 0.289911
0.679671 , 0.320329
0.997398 , 0.00260195
0.993034 , 0.00696599
0.981709 , 0.0182913
0.980562 , 0.0194378
0.000130075 , 0.99987
0.718657 , 0.281343
0.946531 , 0.0534695
0.999431 , 0.000568971
0.981944 , 0.0180562
0.651589 , 0.348411
0.980507 , 0.0194935
0.628027 , 0.371973
0.993267 , 0.00673308
0.876944 , 0.123056
0.998782 , 0.00121774
0.951997 , 0.048003
0.880792 , 0.119208
0.668366 , 0.331634
6.7201e-06 , 0.999993
1.7138e-05 , 0.999983
0.989806 , 0.0101945
0.899261 , 0.100739
0.00674916 , 0.993251
0.999927 , 7.26535e-05
0.999648 , 0.000352197
0.5 , 0.5
0.971065 , 0.028935
0.5 , 0.5
0.993232 , 0.00676752
0.362886 , 0.637114
0.999877 , 0.000123396
0.982012 , 0.017988
0.998025 , 0.00197479
0.00906002 , 0.99094
0.982088 , 0.0179118
0.972403 , 0.0275972
0.452915 , 0.547085
0.5 , 0.5
0.388119 , 0.611881
0.999876 , 0.000124131
0.995974 , 0.00402557
0.999286 , 0.000713872
0.999549 , 0.000450625
0.963666 , 0.0363335
0.994263 , 0.00573746
0.693344 , 0.306656
0.201741 , 0.798259
0.0508255 , 0.949175
0.999983 , 1.74121e-05
0.999662 , 0.000338365
0.913616 , 0.0863836
0.976758 , 0.0232421
0.905744 , 0.094256
0.271088 , 0.728912
0.951426 , 0.0485741
0.987037 , 0.0129626
0.5 , 0.5
0.991233 , 0.00876671
0.571677 , 0.428323
0.952573 , 0.0474269
0.997637 , 0.00236274
0.986059 , 0.0139408
0.999869 , 0.000130998
0.734672 , 0.265328
0.987167 , 0.012833
0.98201 , 0.0179896
0.0474762 , 0.952524
0.251395 , 0.748605
0.990768 , 0.00923239
0.00254657 , 0.997453
0.422654 , 0.577346
0.119441 , 0.880559
0.997492 , 0.0025082
0.746403 , 0.253597
0.995948 , 0.00405204
0.999665 , 0.000335453
0.0187635 , 0.981237
0.999085 , 0.000914634
0.856115 , 0.143885
0.985092 , 0.0149082
0.997467 , 0.00253311
0.999018 , 0.000981553
0.99748 , 0.00251979
0.999663 , 0.000336832
0.128251 , 0.871749
0.473956 , 0.526044
0.992275 , 0.0077246
0.00676713 , 0.993233
0.99292 , 0.00708013
0.00124358 , 0.998756
0.731015 , 0.268985
0.268992 , 0.731008
0.887291 , 0.112709
0.543481 , 0.456519
0.733196 , 0.266804
0.80869 , 0.19131
0.978631 , 0.0213688
0.0746235 , 0.925376
0.996032 , 0.00396842
0.993306 , 0.00669375
0.268976 , 0.731024
0.0799557 , 0.920044
0.996556 , 0.00344436
0.999246 , 0.000754503
0.987321 , 0.0126789
0.997452 , 0.00254787
0.998786 , 0.00121389
0.966555 , 0.0334449
0.999665 , 0.000335362
0.202148 , 0.797852
0.198161 , 0.801839
0.563258 , 0.436742
0.99902 , 0.000980413
0.999665 , 0.00033535
0.682628 , 0.317372
0.997527 , 0.00247264
0.0422182 , 0.957782
0.999876 , 0.000124199
0.993208 , 0.00679164
0.5 , 0.5
0.924774 , 0.0752259
0.793909 , 0.206091
0.27137 , 0.72863
0.981344 , 0.0186561
0.000390886 , 0.999609
0.929842 , 0.0701577
0.998816 , 0.00118352
0.414183 , 0.585817
0.993293 , 0.00670698
0.999665 , 0.000335384
0.00267494 , 0.997325
0.385071 , 0.614929
0.5 , 0.5
0.980375 , 0.0196248
0.999983 , 1.70278e-05
0.5 , 0.5
0.999534 , 0.000465543
0.270508 , 0.729492
0.00150565 , 0.998494
0.987507 , 0.0124934
0.607925 , 0.392075
0.939706 , 0.0602941
0.75565 , 0.24435
0.720172 , 0.279828
0.00699024 , 0.99301
0.998313 , 0.00168736
0.998308 , 0.00169181
0.999877 , 0.000123424
0.000341458 , 0.999659
0.119203 , 0.880797
0.992893 , 0.00710725
0.993259 , 0.00674085
0.136624 , 0.863376
0.0474721 , 0.952528
0.954882 , 0.0451177
0.954819 , 0.0451808
0.980333 , 0.0196668
0.993807 , 0.00619299
0.981984 , 0.018016
0.366233 , 0.633767
0.930425 , 0.0695752
0.999977 , 2.31715e-05
0.953747 , 0.0462527
0.999744 , 0.000256271
0.00303627 , 0.996964
0.511256 , 0.488744
0.87505 , 0.12495
0.612508 , 0.387492
0.0475906 , 0.952409
0.940382 , 0.0596178
0.5 , 0.5
0.979826 , 0.0201739
0.0179982 , 0.982002
0.880486 , 0.119514
0.983253 , 0.0167466
0.980802 , 0.0191977
0.995704 , 0.00429568
0.999089 , 0.000911175
0.268941 , 0.731059
0.0278664 , 0.972134
0.999876 , 0.000123455
0.0214074 , 0.978593
0.510857 , 0.489143
0.5 , 0.5
0.5 , 0.5
0.151586 , 0.848414
0.00450896 , 0.995491
0.000950693 , 0.999049
0.119205 , 0.880795
0.999664 , 0.000335591
0.0210909 , 0.978909
0.968329 , 0.0316711
0.999799 , 0.00020134
0.114332 , 0.885668
0.715061 , 0.284939
0.5 , 0.5
0.268944 , 0.731056
0.021321 , 0.978679
0.468008 , 0.531992
0.949297 , 0.0507025
0.969804 , 0.0301963
0.997525 , 0.00247536
0.996932 , 0.00306821
0.870622 , 0.129378
0.5 , 0.5
0.150666 , 0.849334
0.5 , 0.5
0.209559 , 0.790441
0.119221 , 0.880779
0.880795 , 0.119205
0.816503 , 0.183497
0.5 , 0.5
0.144392 , 0.855608
0.00753108 , 0.992469
0.5 , 0.5
0.999983 , 1.68271e-05
0.978985 , 0.0210151
0.981474 , 0.0185259
0.471601 , 0.528399
0.0135389 , 0.986461
0.999979 , 2.12572e-05
0.893888 , 0.106112
0.951288 , 0.0487124
0.993956 , 0.00604439
0.993167 , 0.00683303
0.993304 , 0.00669557
0.999087 , 0.000912732
0.872819 , 0.12718
0.5 , 0.5
0.5 , 0.5
0.5 , 0.5
0.577654 , 0.422346
0.280522 , 0.719478
0.888077 , 0.111923
0.5 , 0.5
0.946746 , 0.0532541
0.27067 , 0.72933
0.5 , 0.5
0.885484 , 0.114516
0.178493 , 0.821507
0.619384 , 0.380616
0.999983 , 1.68102e-05
0.0808179 , 0.919182
0.0747823 , 0.925218
0.677366 , 0.322634
0.016129 , 0.983871
0.12877 , 0.87123
0.5 , 0.5
0.208746 , 0.791254
0.993989 , 0.006011
0.989827 , 0.010173
0.99146 , 0.0085403
0.981902 , 0.018098
0.997468 , 0.0025316
0.999028 , 0.000971691
0.999941 , 5.86407e-05
0.999875 , 0.000125376
0.997359 , 0.00264139
0.999663 , 0.000337088
0.432703 , 0.567297
0.0180104 , 0.98199
0.999661 , 0.000338613
0.926569 , 0.0734312
0.437068 , 0.562932
0.575536 , 0.424464
0.147082 , 0.852918
0.0996372 , 0.900363
0.999661 , 0.000338985
0.730958 , 0.269042
0.283064 , 0.716936
0.0198074 , 0.980193
0.0399103 , 0.96009
0.5 , 0.5
0.999019 , 0.000981314
0.702297 , 0.297703
0.991953 , 0.0080467
0.5 , 0.5
0.997272 , 0.00272834
0.5 , 0.5
0.943223 , 0.056777
0.687043 , 0.312957
0.119204 , 0.880796
0.711609 , 0.288391
0.966217 , 0.0337835
0.5 , 0.5
0.128826 , 0.871174
0.558068 , 0.441933
0.992122 , 0.00787801
0.994819 , 0.0051806
0.480651 , 0.519349
0.995673 , 0.00432743
0.874164 , 0.125836
0.473798 , 0.526202
0.11922 , 0.880781
0.5 , 0.5
0.021132 , 0.978868
0.268941 , 0.731059
0.996243 , 0.00375654
0.440021 , 0.559979
0.499902 , 0.500098
0.0230165 , 0.976983
0.000993195 , 0.999007
0.111197 , 0.888803
0.0230416 , 0.976958
0.5 , 0.5
0.992933 , 0.00706705
0.181042 , 0.818958
0.530278 , 0.469722
0.997498 , 0.00250189
0.0565081 , 0.943492
0.100487 , 0.899513
0.114796 , 0.885204
0.02522 , 0.97478
0.5 , 0.5
0.5 , 0.5
0.00677613 , 0.993224
0.119922 , 0.880078
0.5 , 0.5
0.5 , 0.5
0.146928 , 0.853072
0.0056235 , 0.994377
0.45732 , 0.54268
0.201771 , 0.798229
0.268953 , 0.731047
0.5 , 0.5
0.351308 , 0.648692
0.119241 , 0.880759
0.54553 , 0.45447
0.999234 , 0.000765889
0.0791309 , 0.920869
0.940419 , 0.0595806
0.5 , 0.5
0.5 , 0.5
0.992837 , 0.00716333
0.5 , 0.5
0.703168 , 0.296832
0.00223629 , 0.997764
0.999089 , 0.000911056
0.0470343 , 0.952966
0.993082 , 0.00691757
0.293414 , 0.706586
0.730411 , 0.269589
0.599872 , 0.400128
0.5 , 0.5
0.994322 , 0.00567833
0.000365671 , 0.999634
0.507636 , 0.492364
0.000841622 , 0.999158
0.989871 , 0.0101293
0.997936 , 0.0020645
0.957209 , 0.0427912
0.00698892 , 0.993011
0.5 , 0.5
0.99328 , 0.00672004
0.997527 , 0.00247274
0.5 , 0.5
0.000155174 , 0.999845
0.953125 , 0.046875
0.940127 , 0.0598734
0.818735 , 0.181265
0.5 , 0.5
0.995979 , 0.00402084
0.00334311 , 0.996657
0.0517834 , 0.948216
0.731058 , 0.268942
0.5 , 0.5
0.72602 , 0.27398
0.000455626 , 0.999544
0.08616 , 0.91384
0.967833 , 0.0321675
0.999853 , 0.000146841
0.268941 , 0.731059
0.753133 , 0.246867
0.981652 , 0.0183483
0.0296719 , 0.970328
0.0534256 , 0.946574
0.932179 , 0.0678207
0.00102695 , 0.998973
0.5 , 0.5
0.208528 , 0.791472
0.458489 , 0.541511
0.729595 , 0.270405
0.9994 , 0.000599684
0.636608 , 0.363392
0.564993 , 0.435007
0.905408 , 0.0945917
0.00133219 , 0.998668
0.00470886 , 0.995291
0.221139 , 0.778861
0.00410729 , 0.995893
0.753675 , 0.246325
0.269404 , 0.730596
0.318139 , 0.681861
0.999056 , 0.000943879
0.987608 , 0.0123917
0.167017 , 0.832983
0.484123 , 0.515877
0.996673 , 0.00332746
0.999088 , 0.000912319
0.5 , 0.5
0.5 , 0.5
0.5 , 0.5
0.977381 , 0.0226194
0.5 , 0.5
0.5 , 0.5
0.5 , 0.5
0.941388 , 0.0586117
0.5 , 0.5
0.993443 , 0.00655711
0.5 , 0.5
0.0474259 , 0.952574
0.0623163 , 0.937684
0.27796 , 0.72204
0.119208 , 0.880792
0.982014 , 0.0179864
0.98644 , 0.01356
0.268495 , 0.731505
0.99897 , 0.00103028
0.5 , 0.5
0.269675 , 0.730325
0.727428 , 0.272572
0.238629 , 0.761371
0.5 , 0.5
0.902922 , 0.0970776
0.93096 , 0.0690397
0.017448 , 0.982552
0.999871 , 0.000128947
0.122727 , 0.877273
0.0474771 , 0.952523
0.280574 , 0.719426
0.218388 , 0.781612
0.999685 , 0.000315037
0.749025 , 0.250975
0.997144 , 0.00285644
0.5 , 0.5
0.0154031 , 0.984597
0.805125 , 0.194875
0.5 , 0.5
0.5 , 0.5
0.269027 , 0.730973
0.104293 , 0.895707
0.5 , 0.5
0.29841 , 0.70159
0.119679 , 0.880321
0.0784619 , 0.921538
0.0177979 , 0.982202
0.00687984 , 0.99312
0.850102 , 0.149898
0.5 , 0.5
0.993282 , 0.0067179
0.5 , 0.5
0.999657 , 0.00034308
0.260812 , 0.739188
0.540331 , 0.459669
0.987312 , 0.0126874
0.0215537 , 0.978446
0.5 , 0.5
0.990562 , 0.00943803
0.997515 , 0.00248462
0.495649 , 0.504351
0.997514 , 0.00248613
0.11926 , 0.88074
0.5 , 0.5
0.189108 , 0.810892
0.00673088 , 0.993269
0.5 , 0.5
0.999881 , 0.000118786
0.119204 , 0.880796
0.999052 , 0.000947625
0.950813 , 0.0491874
0.982414 , 0.0175862
0.705788 , 0.294212
0.0182669 , 0.981733
0.980337 , 0.0196629
0.994015 , 0.00598455
0.997093 , 0.00290694
0.992823 , 0.00717677
0.0884747 , 0.911525
0.57534 , 0.42466
5.15917e-07 , 1.0
0.273809 , 0.726191
0.186098 , 0.813902
0.541738 , 0.458262
0.730397 , 0.269603
0.845056 , 0.154944
0.999603 , 0.000397145
0.5 , 0.5
0.764455 , 0.235545
0.989435 , 0.0105649
0.990156 , 0.00984368
0.00684408 , 0.993156
0.0160661 , 0.983934
0.318085 , 0.681915
0.999445 , 0.00055494
0.077261 , 0.922739
0.5 , 0.5
0.999872 , 0.000128291
0.999903 , 9.71771e-05
0.5 , 0.5
0.128917 , 0.871083
0.999043 , 0.000956967
0.87157 , 0.128431
0.269046 , 0.730954
0.119203 , 0.880797
0.952572 , 0.0474279
0.999664 , 0.000335592
0.5 , 0.5
0.311611 , 0.688389
0.5 , 0.5
0.863874 , 0.136126
0.5 , 0.5
0.5 , 0.5
0.531199 , 0.468801
0.0204626 , 0.979537
0.873743 , 0.126257
0.182941 , 0.817059
0.168796 , 0.831204
0.000125639 , 0.999874
0.307567 , 0.692433
0.00012769 , 0.999872
0.0927429 , 0.907257
0.269306 , 0.730694
0.997239 , 0.00276077
0.870387 , 0.129613
0.0179869 , 0.982013
0.00156786 , 0.998432
0.0195704 , 0.98043
0.87071 , 0.12929
0.5 , 0.5
0.983121 , 0.0168788
0.0011398 , 0.99886
0.365421 , 0.634579
0.82619 , 0.17381
0.00586784 , 0.994132
0.5 , 0.5
0.00364391 , 0.996356
0.206704 , 0.793296
0.97863 , 0.0213702
0.181561 , 0.818439
0.5 , 0.5
0.423363 , 0.576637
0.999057 , 0.000943032
0.0188483 , 0.981152
0.993953 , 0.00604662
0.130013 , 0.869987
0.785449 , 0.214551
0.880797 , 0.119203
0.981762 , 0.0182382
0.813742 , 0.186258
0.567529 , 0.432471
0.487996 , 0.512005
0.0344181 , 0.965582
0.387392 , 0.612608
0.99856 , 0.00143957
0.260632 , 0.739368
0.305176 , 0.694824
0.103905 , 0.896095
0.5 , 0.5
0.999926 , 7.38212e-05
0.554948 , 0.445052
0.749129 , 0.250871
0.990885 , 0.00911471
0.0067416 , 0.993258
0.352109 , 0.647891
0.732711 , 0.267289
0.324782 , 0.675218
0.132758 , 0.867242
0.00257871 , 0.997421
0.5 , 0.5
0.5 , 0.5
0.507277 , 0.492723
0.895566 , 0.104434
0.00298034 , 0.99702
0.997376 , 0.00262424
0.999168 , 0.000831592
0.992627 , 0.00737296
0.449007 , 0.550993
0.0212395 , 0.97876
0.947713 , 0.0522868
0.0054394 , 0.994561
0.354708 , 0.645292
0.990734 , 0.00926571
0.961906 , 0.0380943
0.866512 , 0.133488
0.937997 , 0.0620032
0.5 , 0.5
0.992558 , 0.00744244
0.596029 , 0.403971
0.730583 , 0.269417
0.0432017 , 0.956798
0.5 , 0.5
0.966545 , 0.0334555
0.999354 , 0.000645656
0.981883 , 0.0181173
0.250126 , 0.749874
0.00863347 , 0.991366
0.98783 , 0.0121702
0.918009 , 0.0819906
0.999665 , 0.000335407
0.997517 , 0.00248276
0.662103 , 0.337897
0.209366 , 0.790634
0.997515 , 0.00248504
0.98139 , 0.0186104
0.412073 , 0.587927
0.291637 , 0.708363
0.098726 , 0.901274
0.997178 , 0.0028217
0.9967 , 0.00330018
0.950253 , 0.0497465
0.869872 , 0.130128
0.130334 , 0.869666
0.00478224 , 0.995218
0.987843 , 0.0121574
0.635132 , 0.364868
4.30723e-05 , 0.999957
0.982203 , 0.0177966
0.996434 , 0.00356583
0.135571 , 0.864429
0.910659 , 0.0893411
0.449716 , 0.550284
0.5 , 0.5
0.00259701 , 0.997403
0.5 , 0.5
0.0769483 , 0.923052
0.5 , 0.5
0.0101941 , 0.989806
0.00289682 , 0.997103
0.347568 , 0.652432
0.5 , 0.5
0.5 , 0.5
0.878325 , 0.121675
0.981799 , 0.0182014
0.000929097 , 0.999071
0.00263698 , 0.997363
0.831882 , 0.168117
0.864141 , 0.135859
0.026395 , 0.973605
0.285107 , 0.714893
0.0275057 , 0.972494
0.732264 , 0.267736
0.0286843 , 0.971316
0.9962 , 0.00380014
0.989255 , 0.0107452
0.998658 , 0.00134218
0.999036 , 0.000963821
0.950593 , 0.0494075
0.306545 , 0.693455
0.274808 , 0.725192
0.00203829 , 0.997962
0.268942 , 0.731058
0.56258 , 0.43742
0.5 , 0.5
0.877661 , 0.122339
0.000440228 , 0.99956
0.862241 , 0.137759
0.0478013 , 0.952199
0.111451 , 0.888549
0.5 , 0.5
0.268963 , 0.731037
0.119208 , 0.880792
0.697866 , 0.302134
0.276355 , 0.723645
0.000485967 , 0.999514
0.146978 , 0.853022
0.0576407 , 0.942359
0.993275 , 0.00672486
0.000932449 , 0.999068
0.000431031 , 0.999569
0.5 , 0.5
0.999779 , 0.000221337
0.95237 , 0.0476297
0.880797 , 0.119203
0.995861 , 0.00413861
0.99752 , 0.0024796
0.0382644 , 0.961736
0.5 , 0.5
0.756861 , 0.243139
