id,realDonaldTrump,HillaryClinton
0,0.184475,0.815525
1,0.871780,0.128220
2,0.033646,0.966354
3,0.002682,0.997318
4,0.003597,0.996403
5,0.063652,0.936348
6,0.283169,0.716831
7,0.480375,0.519625
8,0.000901,0.999099
9,0.169973,0.830027
10,0.244957,0.755043
11,0.086143,0.913857
12,0.015128,0.984872
13,0.251593,0.748407
14,0.005371,0.994629
15,0.982119,0.017881
16,0.002881,0.997119
17,0.999621,0.000379
18,0.002141,0.997859
19,0.999936,0.000064
20,0.998609,0.001391
21,0.002618,0.997382
22,0.978269,0.021731
23,0.821784,0.178216
24,0.360959,0.639041
25,0.023645,0.976355
26,0.998409,0.001591
27,0.003608,0.996392
28,0.918622,0.081378
29,0.106059,0.893941
30,0.636890,0.363110
31,0.999963,0.000037
32,0.057549,0.942451
33,0.999181,0.000819
34,0.106662,0.893338
35,0.000775,0.999225
36,0.049906,0.950094
37,0.725708,0.274292
38,0.308992,0.691008
39,0.029785,0.970215
40,0.104804,0.895196
41,0.012750,0.987250
42,0.190818,0.809182
43,0.005663,0.994337
44,0.009686,0.990314
45,0.184811,0.815189
46,0.053149,0.946851
47,0.999981,0.000019
48,0.237296,0.762704
49,0.021622,0.978378
50,0.991376,0.008624
51,0.021340,0.978660
52,0.004173,0.995827
53,0.010738,0.989262
54,0.004634,0.995366
55,0.999394,0.000606
56,0.004021,0.995979
57,0.005631,0.994369
58,0.010612,0.989388
59,0.290083,0.709917
60,0.901853,0.098147
61,0.999876,0.000124
62,0.000538,0.999462
63,0.001210,0.998790
64,0.724929,0.275071
65,0.999925,0.000075
66,0.004192,0.995808
67,0.008960,0.991040
68,0.240103,0.759897
69,0.984217,0.015783
70,0.993759,0.006241
71,0.320371,0.679629
72,0.051570,0.948430
73,0.103356,0.896644
74,0.005428,0.994572
75,0.014768,0.985232
76,0.982689,0.017311
77,0.017703,0.982297
78,0.010294,0.989706
79,0.034622,0.965378
80,0.012375,0.987625
81,0.729148,0.270852
82,0.118399,0.881601
83,0.998469,0.001531
84,0.001869,0.998131
85,0.040434,0.959566
86,0.000354,0.999646
87,0.007108,0.992893
88,0.983188,0.016812
89,0.007436,0.992564
90,0.000563,0.999437
91,0.029573,0.970427
92,0.020359,0.979641
93,0.999984,0.000016
94,0.999948,0.000052
95,0.006444,0.993556
96,0.004289,0.995711
97,0.101286,0.898714
98,0.758524,0.241476
99,0.021557,0.978443
100,0.027503,0.972497
101,0.007349,0.992651
102,0.001539,0.998461
103,0.005684,0.994316
104,0.997446,0.002554
105,0.998821,0.001179
106,0.042136,0.957864
107,0.999982,0.000018
108,0.006806,0.993194
109,0.027738,0.972262
110,0.000159,0.999841
111,0.113221,0.886779
112,0.251291,0.748709
113,0.593376,0.406624
114,0.998782,0.001218
115,0.006724,0.993276
116,0.000405,0.999595
117,0.999767,0.000233
118,0.000289,0.999711
119,0.104256,0.895744
120,0.007130,0.992870
121,0.382900,0.617100
122,0.004381,0.995619
123,0.372684,0.627316
124,0.677635,0.322365
125,0.999858,0.000142
126,0.953354,0.046647
127,0.081311,0.918689
128,0.575735,0.424265
129,0.036535,0.963465
130,0.003797,0.996203
131,0.984930,0.015070
132,0.141130,0.858870
133,0.021893,0.978107
134,0.012049,0.987951
135,0.737491,0.262509
136,0.999783,0.000217
137,0.963614,0.036386
138,0.896935,0.103065
139,0.999960,0.000040
140,0.123325,0.876675
141,0.999970,0.000030
142,0.954212,0.045787
143,0.012118,0.987882
144,0.000329,0.999671
145,0.030365,0.969635
146,0.999337,0.000663
147,0.000144,0.999856
148,0.899072,0.100928
149,0.999967,0.000033
150,0.012937,0.987063
151,0.099780,0.900220
152,0.997852,0.002148
153,0.999215,0.000785
154,0.999971,0.000029
155,0.041641,0.958359
156,0.012149,0.987851
157,0.999875,0.000125
158,0.994011,0.005989
159,0.971993,0.028007
160,0.207958,0.792042
161,0.002423,0.997577
162,0.194891,0.805109
163,0.005954,0.994046
164,0.760052,0.239948
165,0.000384,0.999616
166,0.006830,0.993170
167,0.983232,0.016768
168,0.989794,0.010206
169,0.999817,0.000183
170,0.996966,0.003034
171,0.020806,0.979194
172,0.009858,0.990142
173,0.014109,0.985891
174,0.999295,0.000705
175,0.999980,0.000020
176,0.812174,0.187826
177,0.001640,0.998360
178,0.999552,0.000448
179,0.999934,0.000066
180,0.999979,0.000021
181,0.999979,0.000021
182,0.999985,0.000015
183,0.015297,0.984703
184,0.000338,0.999662
185,0.892384,0.107616
186,0.101928,0.898072
187,0.358736,0.641264
188,0.058617,0.941383
189,0.004966,0.995034
190,0.495429,0.504571
191,0.487763,0.512237
192,0.999974,0.000026
193,0.999985,0.000015
194,0.006197,0.993803
195,0.001198,0.998802
196,0.828836,0.171164
197,0.054609,0.945391
198,0.001973,0.998027
199,0.376908,0.623092
200,0.883480,0.116520
201,0.707285,0.292715
202,0.994862,0.005138
203,0.999087,0.000913
204,0.783438,0.216562
205,0.018954,0.981046
206,0.107041,0.892959
207,0.004064,0.995936
208,0.041219,0.958780
209,0.001187,0.998813
210,0.006800,0.993200
211,0.058434,0.941566
212,0.001653,0.998347
213,0.009330,0.990670
214,0.999985,0.000015
215,0.999986,0.000014
216,0.069907,0.930093
217,0.002733,0.997267
218,0.018345,0.981655
219,0.025520,0.974480
220,0.013012,0.986988
221,0.004189,0.995811
222,0.001714,0.998286
223,0.128825,0.871175
224,0.591176,0.408824
225,0.754370,0.245630
226,0.999894,0.000106
227,0.009578,0.990422
228,0.533058,0.466942
229,0.209094,0.790906
230,0.359256,0.640744
231,0.633377,0.366623
232,0.086713,0.913288
233,0.002135,0.997865
234,0.933441,0.066559
235,0.999908,0.000092
236,0.753283,0.246717
237,0.002542,0.997458
238,0.001182,0.998818
239,0.003856,0.996144
240,0.997290,0.002710
241,0.002523,0.997477
242,0.202860,0.797140
243,0.012864,0.987136
244,0.000789,0.999211
245,0.806357,0.193643
246,0.000886,0.999114
247,0.995439,0.004561
248,0.995354,0.004646
249,0.001821,0.998179
250,0.162611,0.837389
251,0.025661,0.974339
252,0.998823,0.001177
253,0.002905,0.997095
254,0.022421,0.977579
255,0.015205,0.984795
256,0.994108,0.005892
257,0.174495,0.825505
258,0.372730,0.627270
259,0.034900,0.965100
260,0.954962,0.045038
261,0.003227,0.996773
262,0.007746,0.992254
263,0.999957,0.000043
264,0.944900,0.055100
265,0.003358,0.996642
266,0.007345,0.992655
267,0.318391,0.681609
268,0.000478,0.999522
269,0.070880,0.929120
270,0.999986,0.000014
271,0.010438,0.989562
272,0.999974,0.000026
273,0.002083,0.997917
274,0.999953,0.000047
275,0.235880,0.764120
276,0.004301,0.995699
277,0.999991,0.000009
278,0.999964,0.000036
279,0.012579,0.987421
280,0.002232,0.997768
281,0.001018,0.998982
282,0.999930,0.000070
283,0.002058,0.997942
284,0.001383,0.998617
285,0.017346,0.982654
286,0.974239,0.025761
287,0.064480,0.935520
288,0.014620,0.985380
289,0.029867,0.970133
290,0.001996,0.998004
291,0.005032,0.994968
292,0.999267,0.000733
293,0.004294,0.995706
294,0.998883,0.001117
295,0.998766,0.001234
296,0.807012,0.192988
297,0.001357,0.998643
298,0.000286,0.999714
299,0.003223,0.996777
300,0.000762,0.999238
301,0.999918,0.000082
302,0.036627,0.963373
303,0.633590,0.366410
304,0.994253,0.005747
305,0.001588,0.998412
306,0.866962,0.133038
307,0.999987,0.000013
308,0.001531,0.998469
309,0.001257,0.998743
310,0.000482,0.999518
311,0.592914,0.407086
312,0.999641,0.000359
313,0.942321,0.057679
314,0.004566,0.995434
315,0.002082,0.997918
316,0.017035,0.982965
317,0.996660,0.003340
318,0.997834,0.002166
319,0.869234,0.130766
320,0.998409,0.001591
321,0.179825,0.820175
322,0.349547,0.650453
323,0.018104,0.981896
324,0.998255,0.001745
325,0.011691,0.988309
326,0.999309,0.000691
327,0.163256,0.836744
328,0.999988,0.000012
329,0.970794,0.029206
330,0.410373,0.589627
331,0.085965,0.914035
332,0.999980,0.000020
333,0.000498,0.999502
334,0.999937,0.000063
335,0.999840,0.000160
336,0.000758,0.999242
337,0.893679,0.106321
338,0.920510,0.079490
339,0.004001,0.995999
340,0.005757,0.994243
341,0.998931,0.001069
342,0.002661,0.997339
343,0.001309,0.998691
344,0.041129,0.958871
345,0.999968,0.000032
346,0.019899,0.980101
347,0.006438,0.993562
348,0.006077,0.993923
349,0.000099,0.999901
350,0.000901,0.999099
351,0.230654,0.769346
352,0.008625,0.991375
353,0.001155,0.998845
354,0.993080,0.006920
355,0.465805,0.534195
356,0.000938,0.999062
357,0.259637,0.740363
358,0.950920,0.049080
359,0.035037,0.964963
360,0.007317,0.992683
361,0.001602,0.998398
362,0.001214,0.998786
363,0.997701,0.002299
364,0.999991,0.000009
365,0.196719,0.803281
366,0.008875,0.991125
367,0.994667,0.005333
368,0.998543,0.001457
369,0.999979,0.000021
370,0.992955,0.007045
371,0.999845,0.000155
372,0.999768,0.000232
373,0.928720,0.071280
374,0.964122,0.035878
375,0.999732,0.000268
376,0.000681,0.999319
377,0.993437,0.006563
378,0.999942,0.000058
379,0.002063,0.997937
380,0.998479,0.001521
381,0.002163,0.997837
382,0.995189,0.004811
383,0.968773,0.031227
384,0.002198,0.997801
385,0.986112,0.013888
386,0.999655,0.000345
387,0.999674,0.000326
388,0.999904,0.000096
389,0.123826,0.876174
390,0.703903,0.296097
391,0.055584,0.944416
392,0.996096,0.003904
393,0.030644,0.969356
394,0.017158,0.982842
395,0.994742,0.005258
396,0.005633,0.994367
397,0.964518,0.035482
398,0.999973,0.000027
399,0.005635,0.994365
400,0.009261,0.990739
401,0.009284,0.990716
402,0.174235,0.825765
403,0.999974,0.000025
404,0.997816,0.002184
405,0.677454,0.322546
406,0.800214,0.199786
407,0.864875,0.135125
408,0.390049,0.609951
409,0.985759,0.014241
410,0.000317,0.999683
411,0.997652,0.002348
412,0.280852,0.719148
413,0.001365,0.998635
414,0.427850,0.572150
415,0.999914,0.000086
416,0.999336,0.000664
417,0.712032,0.287968
418,0.007977,0.992023
419,0.993493,0.006507
420,0.408445,0.591555
421,0.999989,0.000011
422,0.995966,0.004034
423,0.989335,0.010666
424,0.003182,0.996818
425,0.881163,0.118837
426,0.999984,0.000016
427,0.998762,0.001238
428,0.000449,0.999551
429,0.470567,0.529433
430,0.999339,0.000661
431,0.048841,0.951159
432,0.001434,0.998566
433,0.999608,0.000392
434,0.000246,0.999754
435,0.000729,0.999271
436,0.059505,0.940495
437,0.002010,0.997990
438,0.000352,0.999648
439,0.008407,0.991593
440,0.999807,0.000193
441,0.006689,0.993311
442,0.048243,0.951757
443,0.712071,0.287929
444,0.153583,0.846418
445,0.003310,0.996690
446,0.350853,0.649147
447,0.999825,0.000175
448,0.005521,0.994479
449,0.809885,0.190115
450,0.000772,0.999228
451,0.991060,0.008940
452,0.000594,0.999406
453,0.003017,0.996983
454,0.013826,0.986174
455,0.999920,0.000079
456,0.493428,0.506572
457,0.013602,0.986398
458,0.039074,0.960926
459,0.910650,0.089350
460,0.000715,0.999285
461,0.001283,0.998717
462,0.023884,0.976116
463,0.834298,0.165702
464,0.999987,0.000013
465,0.995864,0.004136
466,0.726538,0.273462
467,0.000639,0.999361
468,0.995774,0.004226
469,0.998336,0.001664
470,0.999935,0.000065
471,0.961513,0.038487
472,0.001178,0.998822
473,0.764855,0.235145
474,0.999958,0.000042
475,0.999585,0.000415
476,0.997682,0.002318
477,0.330763,0.669237
478,0.999777,0.000223
479,0.001845,0.998155
480,0.013342,0.986658
481,0.973691,0.026309
482,0.308544,0.691456
483,0.173986,0.826014
484,0.609087,0.390913
485,0.023903,0.976097
486,0.979655,0.020345
487,0.008655,0.991345
488,0.993108,0.006892
489,0.965485,0.034515
490,0.999511,0.000488
491,0.027378,0.972622
492,0.994271,0.005729
493,0.665117,0.334883
494,0.002864,0.997136
495,0.000448,0.999552
496,0.999962,0.000038
497,0.855305,0.144695
498,0.999815,0.000185
499,0.019675,0.980325
500,0.869610,0.130390
501,0.023233,0.976767
502,0.232641,0.767359
503,0.175830,0.824170
504,0.000172,0.999828
505,0.999987,0.000013
506,0.024605,0.975395
507,0.048077,0.951923
508,0.005669,0.994331
509,0.000195,0.999805
510,0.304744,0.695256
511,0.003713,0.996287
512,0.999972,0.000028
513,0.885615,0.114385
514,0.919060,0.080940
515,0.002448,0.997552
516,0.030384,0.969616
517,0.176586,0.823414
518,0.018402,0.981598
519,0.972531,0.027469
520,0.020804,0.979196
521,0.015507,0.984493
522,0.005799,0.994201
523,0.462208,0.537792
524,0.905937,0.094063
525,0.014843,0.985157
526,0.000436,0.999564
527,0.861421,0.138579
528,0.012746,0.987254
529,0.076987,0.923013
530,0.348084,0.651916
531,0.996586,0.003414
532,0.006583,0.993417
533,0.000860,0.999140
534,0.226113,0.773887
535,0.002662,0.997338
536,0.999783,0.000217
537,0.999982,0.000018
538,0.062302,0.937698
539,0.999449,0.000551
540,0.668965,0.331035
541,0.055711,0.944289
542,0.810114,0.189886
543,0.999971,0.000029
544,0.730378,0.269622
545,0.999987,0.000013
546,0.000460,0.999540
547,0.994335,0.005665
548,0.789542,0.210458
549,0.943579,0.056421
550,0.014232,0.985768
551,0.010949,0.989051
552,0.004808,0.995192
553,0.996362,0.003638
554,0.010662,0.989338
555,0.000686,0.999314
556,0.000907,0.999093
557,0.999538,0.000462
558,0.060344,0.939656
559,0.990572,0.009428
560,0.005770,0.994230
561,0.999989,0.000011
562,0.020970,0.979030
563,0.061619,0.938381
564,0.998849,0.001151
565,0.999745,0.000255
566,0.999048,0.000952
567,0.999545,0.000455
568,0.632604,0.367396
569,0.078950,0.921050
570,0.001014,0.998986
571,0.513240,0.486760
572,0.999983,0.000017
573,0.990804,0.009196
574,0.999344,0.000656
575,0.123156,0.876844
576,0.006937,0.993063
577,0.002863,0.997137
578,0.000412,0.999588
579,0.000563,0.999437
580,0.414576,0.585424
581,0.999896,0.000104
582,0.011411,0.988589
583,0.010609,0.989391
584,0.996716,0.003284
585,0.986931,0.013069
586,0.980891,0.019109
587,0.893838,0.106162
588,0.117323,0.882677
589,0.007336,0.992665
590,0.000952,0.999048
591,0.409470,0.590530
592,0.998261,0.001739
593,0.996073,0.003927
594,0.998964,0.001036
595,0.026072,0.973928
596,0.981742,0.018258
597,0.045100,0.954900
598,0.999917,0.000083
599,0.796122,0.203878
600,0.005856,0.994144
601,0.000236,0.999764
602,0.991169,0.008831
603,0.478026,0.521974
604,0.004181,0.995819
605,0.004448,0.995552
606,0.062814,0.937186
607,0.002486,0.997514
608,0.005389,0.994611
609,0.222859,0.777141
610,0.995957,0.004043
611,0.999241,0.000759
612,0.999905,0.000095
613,0.006401,0.993599
614,0.992117,0.007883
615,0.899597,0.100403
616,0.004911,0.995089
617,0.698046,0.301954
618,0.298492,0.701509
619,0.003424,0.996576
620,0.487365,0.512635
621,0.798967,0.201033
622,0.397877,0.602123
623,0.008009,0.991991
624,0.795186,0.204814
625,0.999340,0.000660
626,0.043437,0.956563
627,0.013628,0.986372
628,0.374441,0.625559
629,0.954623,0.045377
630,0.993554,0.006446
631,0.954550,0.045450
632,0.999760,0.000240
633,0.611220,0.388780
634,0.986100,0.013900
635,0.999313,0.000687
636,0.992348,0.007652
637,0.003055,0.996944
638,0.998464,0.001536
639,0.001133,0.998868
640,0.729123,0.270877
641,0.007474,0.992526
642,0.000207,0.999793
643,0.047497,0.952503
644,0.004990,0.995010
645,0.332908,0.667092
646,0.682034,0.317966
647,0.996559,0.003441
648,0.999957,0.000043
649,0.013653,0.986347
650,0.999310,0.000690
651,0.001242,0.998758
652,0.004631,0.995369
653,0.003971,0.996029
654,0.951305,0.048695
655,0.999425,0.000575
656,0.977861,0.022139
657,0.401872,0.598128
658,0.987131,0.012869
659,0.000318,0.999682
660,0.006559,0.993441
661,0.006129,0.993871
662,0.898916,0.101084
663,0.899466,0.100534
664,0.056147,0.943853
665,0.037727,0.962273
666,0.984442,0.015558
667,0.994854,0.005146
668,0.002534,0.997465
669,0.000785,0.999215
670,0.038840,0.961160
671,0.981736,0.018264
672,0.999636,0.000364
673,0.988954,0.011046
674,0.000379,0.999621
675,0.000561,0.999439
676,0.203293,0.796707
677,0.388349,0.611651
678,0.792955,0.207045
679,0.000609,0.999391
680,0.055074,0.944926
681,0.043104,0.956896
682,0.998616,0.001384
683,0.020241,0.979759
684,0.967070,0.032930
685,0.005171,0.994829
686,0.010191,0.989810
687,0.999843,0.000157
688,0.999982,0.000018
689,0.999986,0.000014
690,0.049119,0.950881
691,0.005096,0.994904
692,0.000316,0.999684
693,0.999961,0.000039
694,0.921104,0.078896
695,0.000499,0.999501
696,0.962491,0.037509
697,0.999989,0.000011
698,0.000130,0.999870
699,0.016826,0.983174
700,0.050637,0.949363
701,0.001165,0.998835
702,0.990002,0.009998
703,0.021933,0.978067
704,0.000692,0.999308
705,0.074734,0.925266
706,0.996034,0.003966
707,0.000632,0.999368
708,0.000204,0.999796
709,0.560520,0.439480
710,0.380434,0.619566
711,0.000467,0.999533
712,0.140723,0.859277
713,0.410499,0.589501
714,0.004533,0.995467
715,0.006448,0.993552
716,0.011202,0.988798
717,0.477787,0.522213
718,0.999459,0.000541
719,0.998135,0.001865
720,0.982829,0.017171
721,0.023085,0.976915
722,0.001145,0.998855
723,0.006121,0.993879
724,0.000274,0.999726
725,0.999749,0.000251
726,0.450185,0.549815
727,0.999900,0.000100
728,0.121780,0.878220
729,0.059900,0.940100
730,0.167298,0.832702
731,0.999432,0.000568
732,0.998705,0.001295
733,0.032508,0.967492
734,0.001235,0.998765
735,0.000866,0.999134
736,0.021471,0.978529
737,0.984156,0.015844
738,0.246648,0.753352
739,0.762347,0.237653
740,0.999733,0.000267
741,0.073839,0.926161
742,0.154649,0.845351
743,0.191559,0.808441
744,0.996852,0.003148
745,0.003308,0.996692
746,0.001838,0.998162
747,0.098855,0.901145
748,0.008889,0.991111
749,0.562686,0.437314
750,0.191533,0.808467
751,0.909426,0.090574
752,0.537802,0.462198
753,0.008230,0.991770
754,0.578953,0.421047
755,0.999945,0.000055
756,0.999857,0.000143
757,0.555305,0.444695
758,0.005348,0.994651
759,0.999851,0.000149
760,0.990199,0.009801
761,0.086332,0.913668
762,0.001595,0.998405
763,0.993878,0.006122
764,0.151740,0.848260
765,0.003409,0.996591
766,0.998911,0.001089
767,0.999178,0.000822
768,0.012689,0.987311
769,0.130069,0.869931
770,0.999968,0.000032
771,0.999985,0.000015
772,0.000880,0.999120
773,0.038349,0.961651
774,0.158735,0.841265
775,0.049073,0.950927
776,0.002095,0.997905
777,0.999904,0.000096
778,0.044537,0.955463
779,0.098563,0.901437
780,0.896654,0.103346
781,0.999209,0.000791
782,0.999529,0.000471
783,0.152475,0.847525
784,0.968849,0.031151
785,0.062118,0.937882
786,0.584364,0.415636
787,0.999830,0.000169
788,0.999960,0.000040
789,0.952116,0.047883
790,0.062954,0.937046
791,0.018959,0.981041
792,0.013473,0.986527
793,0.000995,0.999005
794,0.000760,0.999240
795,0.034409,0.965591
796,0.297380,0.702620
797,0.999842,0.000158
798,0.992160,0.007840
799,0.994770,0.005230
800,0.999159,0.000841
801,0.303956,0.696044
802,0.386411,0.613589
803,0.999985,0.000015
804,0.022016,0.977984
805,0.210246,0.789754
806,0.042229,0.957771
807,0.029769,0.970231
808,0.071860,0.928140
809,0.978571,0.021429
810,0.262269,0.737731
811,0.999949,0.000051
812,0.002322,0.997678
813,0.528259,0.471741
814,0.001755,0.998245
815,0.401150,0.598850
816,0.004545,0.995455
817,0.002802,0.997198
818,0.999960,0.000040
819,0.880055,0.119945
820,0.427607,0.572393
821,0.991917,0.008083
822,0.017057,0.982943
823,0.999919,0.000081
824,0.076342,0.923658
825,0.345999,0.654001
826,0.995336,0.004664
827,0.001178,0.998822
828,0.002102,0.997898
829,0.025683,0.974317
830,0.001812,0.998188
831,0.247891,0.752109
832,0.165414,0.834586
833,0.062761,0.937239
834,0.046015,0.953985
835,0.002514,0.997486
836,0.006914,0.993086
837,0.014249,0.985751
838,0.000716,0.999284
839,0.325202,0.674798
840,0.993021,0.006979
841,0.986034,0.013966
842,0.999954,0.000046
843,0.026287,0.973713
844,0.998182,0.001818
845,0.599798,0.400202
846,0.004445,0.995555
847,0.716472,0.283527
848,0.999979,0.000021
849,0.003588,0.996412
850,0.000788,0.999212
851,0.005203,0.994797
852,0.001941,0.998058
853,0.012678,0.987322
854,0.172589,0.827411
855,0.574200,0.425800
856,0.485480,0.514520
857,0.999981,0.000019
858,0.015629,0.984371
859,0.618972,0.381027
860,0.999860,0.000140
861,0.902456,0.097544
862,0.933784,0.066216
863,0.337067,0.662933
864,0.001143,0.998857
865,0.012382,0.987618
866,0.875422,0.124578
867,0.012661,0.987339
868,0.010014,0.989986
869,0.031581,0.968419
870,0.664762,0.335238
871,0.998676,0.001324
872,0.006759,0.993241
873,0.030356,0.969644
874,0.028755,0.971245
875,0.079614,0.920386
876,0.304334,0.695666
877,0.997672,0.002328
878,0.001864,0.998136
879,0.980092,0.019908
880,0.053733,0.946267
881,0.001030,0.998970
882,0.011875,0.988125
883,0.158413,0.841587
884,0.761552,0.238448
885,0.167464,0.832536
886,0.983376,0.016624
887,0.867105,0.132895
888,0.997564,0.002436
889,0.999925,0.000075
890,0.016042,0.983958
891,0.090746,0.909254
892,0.144725,0.855275
893,0.008544,0.991456
894,0.000650,0.999350
895,0.814566,0.185434
896,0.365404,0.634596
897,0.000625,0.999375
898,0.983980,0.016020
899,0.000657,0.999343
900,0.083286,0.916714
901,0.998775,0.001225
902,0.009703,0.990297
903,0.949444,0.050556
904,0.995322,0.004678
905,0.999822,0.000178
906,0.047662,0.952338
907,0.009078,0.990922
908,0.947744,0.052256
909,0.082947,0.917053
910,0.603720,0.396280
911,0.999993,0.000007
912,0.015732,0.984268
913,0.999907,0.000092
914,0.999960,0.000040
915,0.000391,0.999609
916,0.000927,0.999073
917,0.002260,0.997740
918,0.897844,0.102156
919,0.999990,0.000010
920,0.978649,0.021351
921,0.999979,0.000021
922,0.999308,0.000692
923,0.126802,0.873198
924,0.999975,0.000025
925,0.012634,0.987366
926,0.897770,0.102230
927,0.998069,0.001931
928,0.999124,0.000876
929,0.001096,0.998904
930,0.997673,0.002327
931,0.000965,0.999035
932,0.999846,0.000154
933,0.108550,0.891450
934,0.931834,0.068166
935,0.999682,0.000318
936,0.999400,0.000600
937,0.998308,0.001692
938,0.013816,0.986184
939,0.985487,0.014513
940,0.997192,0.002808
941,0.999263,0.000737
942,0.849385,0.150615
943,0.059569,0.940431
944,0.022210,0.977790
945,0.023444,0.976556
946,0.230127,0.769873
947,0.014840,0.985160
948,0.001082,0.998918
949,0.996136,0.003864
950,0.999987,0.000013
951,0.000822,0.999178
952,0.999959,0.000041
953,0.000287,0.999713
954,0.999795,0.000206
955,0.999986,0.000014
956,0.631531,0.368469
957,0.176562,0.823438
958,0.002140,0.997860
959,0.003288,0.996712
960,0.993458,0.006542
961,0.008336,0.991664
962,0.999470,0.000530
963,0.000654,0.999346
964,0.033117,0.966883
965,0.999911,0.000089
966,0.007540,0.992460
967,0.998678,0.001322
968,0.021156,0.978844
969,0.999276,0.000724
970,0.040031,0.959969
971,0.152261,0.847739
972,0.677565,0.322435
973,0.994320,0.005680
974,0.001660,0.998340
975,0.980214,0.019786
976,0.078047,0.921953
977,0.002557,0.997443
978,0.009865,0.990135
979,0.783706,0.216294
980,0.000480,0.999520
981,0.988488,0.011512
982,0.002759,0.997241
983,0.008819,0.991181
984,0.999505,0.000495
985,0.042766,0.957234
986,0.034552,0.965448
987,0.001315,0.998685
988,0.949375,0.050625
989,0.941807,0.058193
990,0.013393,0.986607
991,0.999737,0.000263
992,0.999743,0.000257
993,0.991940,0.008060
994,0.020527,0.979473
995,0.999761,0.000239
996,0.556289,0.443711
997,0.022958,0.977042
998,0.000393,0.999607
999,0.020276,0.979724
1000,0.999807,0.000193
1001,0.932125,0.067875
1002,0.894215,0.105785
1003,0.997674,0.002326
1004,0.924730,0.075270
1005,0.031725,0.968275
1006,0.999846,0.000154
1007,0.999971,0.000029
1008,0.999363,0.000637
1009,0.014911,0.985089
1010,0.313713,0.686287
1011,0.929752,0.070248
1012,0.970613,0.029387
1013,0.991562,0.008438
1014,0.999526,0.000474
1015,0.001182,0.998818
1016,0.967006,0.032994
1017,0.999988,0.000012
1018,0.998978,0.001023
1019,0.017846,0.982154
1020,0.995579,0.004421
1021,0.309715,0.690285
1022,0.002383,0.997617
1023,0.231013,0.768987
1024,0.092455,0.907545
1025,0.049461,0.950539
1026,0.002478,0.997522
1027,0.998696,0.001304
1028,0.008059,0.991941
1029,0.003308,0.996692
1030,0.001652,0.998348
1031,0.000160,0.999840
1032,0.000871,0.999129
1033,0.000691,0.999309
1034,0.999951,0.000050
1035,0.317083,0.682917
1036,0.608992,0.391008
1037,0.000421,0.999579
1038,0.034770,0.965230
1039,0.999732,0.000268
1040,0.998111,0.001889
1041,0.999884,0.000116
1042,0.999933,0.000067
1043,0.276917,0.723083
1044,0.005582,0.994418
1045,0.999303,0.000697
1046,0.999984,0.000016
1047,0.344813,0.655187
1048,0.936551,0.063449
1049,0.002429,0.997571
1050,0.999864,0.000136
1051,0.009032,0.990968
1052,0.335857,0.664143
1053,0.002820,0.997180
1054,0.108042,0.891958
1055,0.001481,0.998519
1056,0.004039,0.995961
1057,0.090948,0.909052
1058,0.009425,0.990575
1059,0.985543,0.014457
1060,0.987618,0.012382
1061,0.990271,0.009729
1062,0.249859,0.750141
1063,0.004098,0.995902
1064,0.003817,0.996183
1065,0.002822,0.997178
1066,0.436474,0.563526
1067,0.775432,0.224568
1068,0.006085,0.993915
1069,0.076351,0.923649
1070,0.999730,0.000270
1071,0.999397,0.000603
1072,0.180874,0.819126
1073,0.000572,0.999428
1074,0.324026,0.675974
1075,0.894742,0.105258
1076,0.087756,0.912244
1077,0.354461,0.645539
1078,0.002404,0.997596
1079,0.999906,0.000094
1080,0.988589,0.011411
1081,0.999975,0.000025
1082,0.000681,0.999319
1083,0.063889,0.936111
1084,0.999240,0.000760
1085,0.002743,0.997257
1086,0.001371,0.998629
1087,0.000244,0.999756
1088,0.987559,0.012441
1089,0.000878,0.999122
1090,0.066441,0.933559
1091,0.000824,0.999176
1092,0.996610,0.003390
1093,0.038082,0.961918
1094,0.999879,0.000121
1095,0.005452,0.994548
1096,0.997701,0.002299
1097,0.163585,0.836415
1098,0.430928,0.569072
1099,0.999982,0.000018
1100,0.999651,0.000349
1101,0.999560,0.000440
1102,0.000664,0.999336
1103,0.000834,0.999166
1104,0.999961,0.000039
1105,0.003586,0.996414
1106,0.853881,0.146119
1107,0.968698,0.031302
1108,0.378970,0.621030
1109,0.262212,0.737788
1110,0.973999,0.026001
1111,0.000786,0.999214
1112,0.991739,0.008261
1113,0.460457,0.539543
1114,0.981943,0.018057
1115,0.216098,0.783902
1116,0.999636,0.000364
1117,0.962362,0.037638
1118,0.070480,0.929520
1119,0.755246,0.244754
1120,0.980234,0.019766
1121,0.318046,0.681954
1122,0.235334,0.764666
1123,0.989953,0.010047
1124,0.982116,0.017884
1125,0.974648,0.025352
1126,0.976662,0.023338
1127,0.998130,0.001870
1128,0.001667,0.998333
1129,0.138269,0.861731
1130,0.000837,0.999163
1131,0.999414,0.000586
1132,0.999793,0.000207
1133,0.960819,0.039181
1134,0.000133,0.999867
1135,0.379978,0.620022
1136,0.004333,0.995667
1137,0.994693,0.005307
1138,0.010246,0.989754
1139,0.092436,0.907564
1140,0.044208,0.955792
1141,0.035071,0.964929
1142,0.763540,0.236460
1143,0.002384,0.997616
1144,0.840113,0.159887
1145,0.174601,0.825399
1146,0.022559,0.977441
1147,0.999979,0.000021
1148,0.035214,0.964786
1149,0.759164,0.240836
1150,0.107163,0.892837
1151,0.000499,0.999501
1152,0.999985,0.000015
1153,0.991173,0.008827
1154,0.921323,0.078677
1155,0.970882,0.029118
1156,0.252077,0.747923
1157,0.005744,0.994256
1158,0.999780,0.000220
1159,0.138880,0.861120
1160,0.999974,0.000026
1161,0.141202,0.858798
1162,0.394386,0.605614
1163,0.494912,0.505088
1164,0.974665,0.025335
1165,0.999941,0.000059
1166,0.830373,0.169627
1167,0.061500,0.938500
1168,0.998768,0.001232
1169,0.000573,0.999427
1170,0.620733,0.379267
1171,0.998766,0.001234
1172,0.986390,0.013610
1173,0.794148,0.205852
1174,0.398924,0.601076
1175,0.531694,0.468306
1176,0.988018,0.011982
1177,0.002117,0.997883
1178,0.999977,0.000023
1179,0.999939,0.000061
1180,0.023753,0.976247
1181,0.006648,0.993352
1182,0.999788,0.000212
1183,0.999669,0.000331
1184,0.002688,0.997312
1185,0.015498,0.984502
1186,0.447869,0.552131
1187,0.994644,0.005356
1188,0.539103,0.460897
1189,0.011179,0.988821
1190,0.221541,0.778459
1191,0.999556,0.000444
1192,0.012534,0.987466
1193,0.230614,0.769386
1194,0.190618,0.809382
1195,0.198559,0.801441
1196,0.038792,0.961208
1197,0.038046,0.961954
1198,0.999849,0.000151
1199,0.999990,0.000010
1200,0.999984,0.000016
1201,0.999080,0.000920
1202,0.061273,0.938727
1203,0.000340,0.999660
1204,0.000190,0.999810
1205,0.527894,0.472106
1206,0.999938,0.000061
1207,0.999283,0.000717
1208,0.999984,0.000016
1209,0.005351,0.994649
1210,0.887213,0.112787
1211,0.985769,0.014231
1212,0.987052,0.012948
1213,0.007216,0.992784
1214,0.000720,0.999280
1215,0.999928,0.000072
1216,0.725807,0.274193
1217,0.999971,0.000029
1218,0.999796,0.000204
1219,0.710368,0.289632
1220,0.972921,0.027079
1221,0.018142,0.981858
1222,0.004998,0.995002
1223,0.003384,0.996616
1224,0.993364,0.006636
1225,0.898362,0.101638
1226,0.999990,0.000010
1227,0.999981,0.000019
1228,0.961776,0.038224
1229,0.545722,0.454278
1230,0.840118,0.159882
1231,0.999990,0.000010
1232,0.001239,0.998761
1233,0.002878,0.997122
1234,0.090882,0.909118
1235,0.019367,0.980633
1236,0.539370,0.460630
1237,0.999977,0.000023
1238,0.978388,0.021611
1239,0.999951,0.000049
1240,0.002511,0.997489
1241,0.999980,0.000020
1242,0.001387,0.998613
1243,0.379529,0.620471
1244,0.999670,0.000330
1245,0.689681,0.310319
1246,0.946868,0.053132
1247,0.928397,0.071603
1248,0.065833,0.934167
1249,0.148378,0.851622
1250,0.999956,0.000044
1251,0.999978,0.000022
1252,0.999901,0.000099
1253,0.996642,0.003358
1254,0.111141,0.888859
1255,0.999932,0.000068
1256,0.083126,0.916874
1257,0.999981,0.000019
1258,0.999897,0.000103
1259,0.031540,0.968460
1260,0.998218,0.001782
1261,0.334505,0.665495
1262,0.999843,0.000157
1263,0.999370,0.000630
1264,0.081963,0.918037
1265,0.999405,0.000595
1266,0.992560,0.007440
1267,0.999035,0.000966
1268,0.907074,0.092926
1269,0.006901,0.993099
1270,0.999936,0.000064
1271,0.045025,0.954975
1272,0.016624,0.983376
1273,0.004910,0.995090
1274,0.999972,0.000028
1275,0.226967,0.773033
1276,0.119327,0.880673
1277,0.989973,0.010027
1278,0.987882,0.012118
1279,0.003834,0.996166
1280,0.008715,0.991286
1281,0.275245,0.724755
1282,0.017873,0.982127
1283,0.814983,0.185017
1284,0.999967,0.000033
1285,0.010839,0.989161
1286,0.127336,0.872665
1287,0.406153,0.593847
1288,0.999941,0.000059
1289,0.955043,0.044957
1290,0.197794,0.802206
1291,0.256163,0.743837
1292,0.050101,0.949899
1293,0.098403,0.901597
1294,0.999987,0.000013
1295,0.020627,0.979373
1296,0.990793,0.009207
1297,0.999970,0.000030
1298,0.002789,0.997211
1299,0.587506,0.412494
1300,0.001136,0.998864
1301,0.669049,0.330951
1302,0.112652,0.887348
1303,0.999990,0.000010
1304,0.999990,0.000010
1305,0.003045,0.996955
1306,0.081888,0.918112
1307,0.876941,0.123059
1308,0.329299,0.670701
1309,0.989491,0.010509
1310,0.283596,0.716404
1311,0.940758,0.059242
1312,0.999982,0.000018
1313,0.041360,0.958640
1314,0.002615,0.997385
1315,0.154042,0.845958
1316,0.074731,0.925269
1317,0.999906,0.000094
1318,0.999175,0.000825
1319,0.520224,0.479776
1320,0.999971,0.000029
1321,0.999981,0.000019
1322,0.002236,0.997764
1323,0.999015,0.000985
1324,0.817771,0.182229
1325,0.967052,0.032948
1326,0.888493,0.111507
1327,0.980512,0.019488
1328,0.000761,0.999239
1329,0.005349,0.994651
1330,0.385006,0.614994
1331,0.954073,0.045927
1332,0.999911,0.000089
1333,0.776455,0.223545
1334,0.194221,0.805779
1335,0.934457,0.065543
1336,0.992456,0.007544
1337,0.972546,0.027454
1338,0.999902,0.000098
1339,0.355383,0.644617
1340,0.987027,0.012973
1341,0.979827,0.020173
1342,0.000570,0.999430
1343,0.000802,0.999198
1344,0.160947,0.839053
1345,0.082033,0.917967
1346,0.562533,0.437467
1347,0.999983,0.000017
1348,0.999717,0.000283
1349,0.004637,0.995363
1350,0.982210,0.017790
1351,0.998470,0.001530
1352,0.146857,0.853143
1353,0.007991,0.992009
1354,0.999073,0.000927
1355,0.999959,0.000041
1356,0.686720,0.313280
1357,0.999862,0.000138
1358,0.667193,0.332807
1359,0.583466,0.416534
1360,0.096797,0.903203
1361,0.995900,0.004100
1362,0.008212,0.991788
1363,0.999844,0.000156
1364,0.175052,0.824948
1365,0.999962,0.000038
1366,0.996030,0.003970
1367,0.999521,0.000479
1368,0.999827,0.000173
1369,0.597735,0.402265
1370,0.392695,0.607305
1371,0.958744,0.041256
1372,0.998947,0.001053
1373,0.998243,0.001757
1374,0.911883,0.088117
1375,0.988470,0.011530
1376,0.002845,0.997155
1377,0.314107,0.685893
1378,0.909595,0.090405
1379,0.455778,0.544222
1380,0.012828,0.987172
1381,0.044088,0.955912
1382,0.069120,0.930880
1383,0.999977,0.000023
1384,0.951785,0.048215
1385,0.002359,0.997641
1386,0.999383,0.000617
1387,0.974919,0.025081
1388,0.999991,0.000009
1389,0.999972,0.000028
1390,0.999916,0.000084
1391,0.772633,0.227367
1392,0.035168,0.964832
1393,0.999796,0.000204
1394,0.827882,0.172118
1395,0.445640,0.554360
1396,0.008500,0.991500
1397,0.042052,0.957948
1398,0.999939,0.000061
1399,0.973920,0.026080
1400,0.004841,0.995159
1401,0.999797,0.000203
1402,0.995321,0.004679
1403,0.999881,0.000119
1404,0.395210,0.604790
1405,0.999921,0.000079
1406,0.643226,0.356774
1407,0.931554,0.068446
1408,0.814092,0.185908
1409,0.300477,0.699523
1410,0.949649,0.050351
1411,0.998662,0.001338
1412,0.998931,0.001069
1413,0.000642,0.999358
1414,0.979602,0.020398
1415,0.993581,0.006419
1416,0.958645,0.041355
1417,0.974713,0.025287
1418,0.088520,0.911480
1419,0.997066,0.002934
1420,0.999806,0.000194
1421,0.999866,0.000134
1422,0.897207,0.102793
1423,0.975101,0.024899
1424,0.967243,0.032757
1425,0.999267,0.000733
1426,0.991375,0.008625
1427,0.999201,0.000799
1428,0.999733,0.000267
1429,0.005958,0.994042
1430,0.896530,0.103470
1431,0.999454,0.000546
1432,0.852958,0.147042
1433,0.998918,0.001082
1434,0.999840,0.000160
1435,0.105638,0.894362
1436,0.989264,0.010736
1437,0.985110,0.014890
1438,0.911742,0.088258
1439,0.688230,0.311770
1440,0.998535,0.001465
1441,0.986346,0.013654
1442,0.999451,0.000549
1443,0.286562,0.713438
1444,0.214047,0.785953
1445,0.465457,0.534543
1446,0.994418,0.005582
1447,0.902869,0.097131
1448,0.995757,0.004243
1449,0.989142,0.010858
1450,0.016572,0.983428
1451,0.991930,0.008070
1452,0.080966,0.919034
1453,0.003204,0.996796
1454,0.002491,0.997509
1455,0.018685,0.981315
1456,0.999970,0.000030
1457,0.967397,0.032603
1458,0.004286,0.995714
1459,0.994365,0.005635
1460,0.996512,0.003488
1461,0.995362,0.004638
1462,0.050877,0.949123
1463,0.162175,0.837825
1464,0.223591,0.776409
1465,0.999989,0.000011
1466,0.999982,0.000018
1467,0.999989,0.000011
1468,0.007293,0.992707
1469,0.000207,0.999793
1470,0.778145,0.221855
1471,0.988432,0.011568
1472,0.975897,0.024103
1473,0.987964,0.012036
1474,0.999951,0.000049
1475,0.247752,0.752248
1476,0.046947,0.953053
1477,0.008398,0.991602
1478,0.999941,0.000059
1479,0.998998,0.001002
1480,0.496032,0.503968
1481,0.279458,0.720542
1482,0.833986,0.166014
1483,0.805892,0.194108
1484,0.999396,0.000604
1485,0.966753,0.033247
1486,0.999975,0.000025
1487,0.001371,0.998629
1488,0.999981,0.000019
1489,0.992091,0.007909
1490,0.999932,0.000068
1491,0.999828,0.000172
1492,0.039236,0.960764
1493,0.997712,0.002288
1494,0.067887,0.932113
1495,0.976225,0.023775
1496,0.894074,0.105926
1497,0.080249,0.919751
1498,0.964736,0.035264
1499,0.339217,0.660783
1500,0.999867,0.000133
1501,0.004467,0.995533
1502,0.969209,0.030791
1503,0.379552,0.620448
1504,0.911226,0.088774
1505,0.020312,0.979688
1506,0.999982,0.000018
1507,0.987842,0.012158
1508,0.999860,0.000140
1509,0.999980,0.000020
1510,0.427712,0.572288
1511,0.999771,0.000229
1512,0.999980,0.000020
1513,0.975606,0.024394
1514,0.995503,0.004497
1515,0.039640,0.960360
1516,0.999972,0.000028
1517,0.181162,0.818838
1518,0.999977,0.000023
1519,0.999971,0.000029
1520,0.021387,0.978613
1521,0.980512,0.019488
1522,0.647993,0.352007
1523,0.477095,0.522905
1524,0.955247,0.044753
1525,0.006584,0.993416
1526,0.999987,0.000013
1527,0.002457,0.997543
1528,0.001482,0.998518
1529,0.188476,0.811524
1530,0.996936,0.003064
1531,0.999741,0.000259
1532,0.974880,0.025120
1533,0.999983,0.000017
1534,0.856313,0.143687
1535,0.999750,0.000250
1536,0.999980,0.000020
1537,0.309717,0.690283
1538,0.995399,0.004601
1539,0.865046,0.134954
1540,0.110718,0.889282
1541,0.970099,0.029902
1542,0.899606,0.100394
1543,0.999655,0.000345
1544,0.999988,0.000012
1545,0.701130,0.298870
1546,0.003447,0.996553
1547,0.019189,0.980811
1548,0.687129,0.312871
1549,0.178080,0.821920
1550,0.962509,0.037491
1551,0.999767,0.000233
1552,0.989342,0.010658
1553,0.985559,0.014441
1554,0.759359,0.240641
1555,0.091577,0.908423
1556,0.001575,0.998425
1557,0.998719,0.001281
1558,0.998104,0.001896
1559,0.976308,0.023693
1560,0.484798,0.515202
1561,0.038077,0.961923
1562,0.988470,0.011530
1563,0.996615,0.003385
1564,0.068168,0.931832
1565,0.018432,0.981568
1566,0.219049,0.780951
1567,0.969213,0.030787
1568,0.081645,0.918355
1569,0.759394,0.240606
1570,0.994189,0.005811
1571,0.996100,0.003900
1572,0.004401,0.995598
1573,0.718086,0.281914
1574,0.065499,0.934501
1575,0.999916,0.000084
1576,0.991155,0.008845
1577,0.997795,0.002205
1578,0.000137,0.999863
1579,0.010146,0.989854
1580,0.503037,0.496963
1581,0.300518,0.699482
1582,0.783787,0.216213
1583,0.888017,0.111984
1584,0.991789,0.008211
1585,0.023396,0.976604
1586,0.999691,0.000309
1587,0.999960,0.000040
1588,0.969664,0.030336
1589,0.004927,0.995073
1590,0.999880,0.000120
1591,0.999983,0.000017
1592,0.019137,0.980864
1593,0.003101,0.996899
1594,0.999974,0.000026
1595,0.086767,0.913233
1596,0.924057,0.075943
1597,0.999514,0.000486
1598,0.067621,0.932379
1599,0.360562,0.639438
1600,0.302756,0.697243
1601,0.963070,0.036930
1602,0.033245,0.966755
1603,0.230461,0.769539
1604,0.005652,0.994348
1605,0.037784,0.962216
1606,0.998227,0.001773
1607,0.001356,0.998644
1608,0.999055,0.000945
1609,0.049810,0.950190
1610,0.833361,0.166639
1611,0.028063,0.971937
1612,0.871821,0.128179
1613,0.999741,0.000259
1614,0.999630,0.000370
1615,0.999762,0.000238
1616,0.986025,0.013975
1617,0.085105,0.914895
1618,0.148389,0.851611
1619,0.999178,0.000822
1620,0.000598,0.999402
1621,0.008492,0.991508
1622,0.999949,0.000051
1623,0.708098,0.291902
1624,0.993268,0.006732
1625,0.999976,0.000024
1626,0.995094,0.004906
1627,0.027792,0.972209
1628,0.999592,0.000408
1629,0.997556,0.002444
1630,0.077255,0.922745
1631,0.879173,0.120827
1632,0.900854,0.099146
1633,0.463271,0.536729
1634,0.387662,0.612338
1635,0.281781,0.718219
1636,0.940966,0.059035
1637,0.999893,0.000107
1638,0.999237,0.000763
1639,0.999464,0.000536
1640,0.921854,0.078146
1641,0.999901,0.000099
1642,0.999977,0.000023
1643,0.025982,0.974018
1644,0.999981,0.000019
1645,0.004924,0.995076
1646,0.999427,0.000573
1647,0.993647,0.006353
1648,0.435405,0.564595
1649,0.999989,0.000011
1650,0.001360,0.998640
1651,0.999969,0.000031
1652,0.952912,0.047088
1653,0.656814,0.343186
1654,0.996691,0.003309
1655,0.012582,0.987418
1656,0.999978,0.000022
1657,0.372185,0.627815
1658,0.998354,0.001646
1659,0.153653,0.846347
1660,0.998214,0.001786
1661,0.011782,0.988218
1662,0.992981,0.007019
1663,0.968360,0.031640
1664,0.008516,0.991484
1665,0.999750,0.000250
1666,0.999731,0.000269
1667,0.019749,0.980251
1668,0.047877,0.952123
1669,0.040665,0.959335
1670,0.999230,0.000770
1671,0.001723,0.998277
1672,0.950344,0.049656
1673,0.969755,0.030245
1674,0.979642,0.020358
1675,0.996995,0.003005
1676,0.002518,0.997482
1677,0.979227,0.020773
1678,0.618204,0.381796
1679,0.999984,0.000016
1680,0.999354,0.000646
1681,0.999982,0.000018
1682,0.999929,0.000071
1683,0.052824,0.947176
1684,0.580761,0.419239
1685,0.999613,0.000387
1686,0.997738,0.002262
1687,0.999943,0.000056
1688,0.997065,0.002934
1689,0.036381,0.963619
1690,0.464272,0.535728
1691,0.037801,0.962199
1692,0.999570,0.000430
1693,0.992849,0.007151
1694,0.998040,0.001960
1695,0.210624,0.789376
1696,0.465759,0.534241
1697,0.275677,0.724323
1698,0.997129,0.002871
1699,0.650240,0.349760
1700,0.839064,0.160936
