0.731059 , 0.268941
0.731059 , 0.268941
0.730866 , 0.269134
0.268941 , 0.731059
0.268941 , 0.731059
0.731059 , 0.268941
0.730562 , 0.269438
0.268941 , 0.731059
0.27897 , 0.72103
0.731059 , 0.268941
0.731059 , 0.268941
0.731059 , 0.268941
0.731059 , 0.268941
0.731059 , 0.268941
0.731059 , 0.268941
0.268941 , 0.731059
0.731059 , 0.268941
0.268941 , 0.731059
0.268941 , 0.731059
0.268941 , 0.731059
0.731059 , 0.268941
0.731059 , 0.268941
0.731059 , 0.268941
0.407131 , 0.592869
0.731059 , 0.268941
0.271349 , 0.728651
0.731059 , 0.268941
0.731059 , 0.268941
0.731059 , 0.268941
0.731059 , 0.268941
0.731059 , 0.268941
0.268941 , 0.731059
0.268941 , 0.731059
0.731059 , 0.268941
0.731059 , 0.268941
0.268941 , 0.731059
0.731059 , 0.268941
0.268941 , 0.731059
0.268941 , 0.731059
0.268941 , 0.731059
0.731059 , 0.268941
0.731059 , 0.268941
0.268941 , 0.731059
0.268941 , 0.731059
0.731059 , 0.268941
0.268941 , 0.731059
0.268941 , 0.731059
0.731059 , 0.268941
0.731059 , 0.268941
0.268941 , 0.731059
0.268941 , 0.731059
0.268941 , 0.731059
0.268941 , 0.731059
0.268941 , 0.731059
0.731059 , 0.268941
0.713263 , 0.286737
0.731059 , 0.268941
0.268941 , 0.731059
0.731059 , 0.268941
0.731059 , 0.268941
0.731059 , 0.268941
0.268941 , 0.731059
0.268941 , 0.731059
0.731059 , 0.268941
0.268941 , 0.731059
0.731059 , 0.268941
0.731059 , 0.268941
0.268941 , 0.731059
0.731059 , 0.268941
0.268941 , 0.731059
0.731059 , 0.268941
0.731059 , 0.268941
0.268941 , 0.731059
0.268941 , 0.731059
0.268941 , 0.731059
0.268941 , 0.731059
0.731059 , 0.268941
0.731059 , 0.268941
0.268941 , 0.731059
0.268942 , 0.731058
0.731059 , 0.268941
0.731059 , 0.268941
0.268941 , 0.731059
0.731058 , 0.268941
0.268942 , 0.731058
0.731059 , 0.268941
0.269105 , 0.730895
0.731059 , 0.268941
0.731059 , 0.268941
0.731059 , 0.268941
0.268941 , 0.731059
0.268941 , 0.731059
0.731059 , 0.268941
0.731059 , 0.268941
0.731059 , 0.268941
0.731059 , 0.268941
0.731059 , 0.268941
0.731059 , 0.268941
0.731059 , 0.268941
0.731059 , 0.268941
0.731059 , 0.268941
0.268941 , 0.731059
0.37933 , 0.62067
0.731059 , 0.268941
0.268941 , 0.731059
0.268941 , 0.731059
0.731059 , 0.268941
0.268941 , 0.731059
0.731059 , 0.268941
0.268941 , 0.731059
0.268941 , 0.731059
0.731059 , 0.268941
0.268941 , 0.731059
0.268941 , 0.731059
0.268959 , 0.731041
0.731059 , 0.268941
0.268941 , 0.731059
0.731059 , 0.268941
0.433609 , 0.566391
0.268941 , 0.731059
0.731059 , 0.268941
0.731059 , 0.268941
0.731059 , 0.268941
0.268941 , 0.731059
0.268941 , 0.731059
0.731059 , 0.268941
0.268941 , 0.731059
0.268941 , 0.731059
0.268941 , 0.731059
0.731059 , 0.268941
0.731039 , 0.268961
0.731059 , 0.268941
0.268941 , 0.731059
0.268941 , 0.731059
0.730598 , 0.269402
0.268941 , 0.731059
0.268941 , 0.731059
0.268941 , 0.731059
0.731059 , 0.268941
0.731059 , 0.268941
0.731059 , 0.268941
0.268941 , 0.731059
0.268941 , 0.731059
0.268941 , 0.731059
0.731059 , 0.268941
0.268941 , 0.731059
0.731059 , 0.268941
0.731059 , 0.268941
0.268941 , 0.731059
0.731059 , 0.268941
0.268941 , 0.731059
0.268941 , 0.731059
0.268941 , 0.731059
0.731059 , 0.268941
0.731059 , 0.268941
0.268941 , 0.731059
0.268941 , 0.731059
0.268941 , 0.731059
0.731059 , 0.268941
0.731059 , 0.268941
0.731059 , 0.268941
0.731059 , 0.268941
0.731059 , 0.268941
0.268941 , 0.731059
0.731059 , 0.268941
0.731059 , 0.268941
0.731059 , 0.268941
0.510001 , 0.489999
0.268941 , 0.731059
0.731059 , 0.268941
0.268941 , 0.731059
0.731059 , 0.268941
0.731059 , 0.268941
0.731059 , 0.268941
0.268941 , 0.731059
0.731059 , 0.268941
0.268945 , 0.731055
0.268941 , 0.731059
0.731059 , 0.268941
0.731059 , 0.268941
0.731059 , 0.268941
0.268941 , 0.731059
0.268941 , 0.731059
0.268941 , 0.731059
0.268941 , 0.731059
0.268942 , 0.731058
0.268941 , 0.731059
0.487078 , 0.512922
0.268941 , 0.731059
0.731059 , 0.268941
0.731059 , 0.268941
0.268941 , 0.731059
0.731059 , 0.268941
0.268941 , 0.731059
0.731059 , 0.268941
0.731059 , 0.268941
0.731059 , 0.268941
0.731059 , 0.268941
0.731059 , 0.268941
0.268941 , 0.731059
0.268941 , 0.731059
0.268941 , 0.731059
0.268941 , 0.731059
0.268941 , 0.731059
0.731059 , 0.268941
0.731059 , 0.268941
0.268941 , 0.731059
0.731059 , 0.268941
0.731059 , 0.268941
0.731059 , 0.268941
0.731059 , 0.268941
0.268941 , 0.731059
0.731059 , 0.268941
0.268941 , 0.731059
0.268941 , 0.731059
0.268941 , 0.731059
0.268941 , 0.731059
0.731059 , 0.268941
0.731059 , 0.268941
0.268941 , 0.731059
0.731059 , 0.268941
0.268941 , 0.731059
0.268941 , 0.731059
0.731059 , 0.268941
0.268946 , 0.731054
0.707617 , 0.292383
0.268941 , 0.731059
0.268941 , 0.731059
0.268941 , 0.731059
0.268941 , 0.731059
0.268941 , 0.731059
0.268941 , 0.731059
0.268941 , 0.731059
0.731059 , 0.268941
0.268941 , 0.731059
0.268941 , 0.731059
0.268941 , 0.731059
0.730973 , 0.269026
0.268941 , 0.731059
0.268941 , 0.731059
0.268941 , 0.731059
0.731059 , 0.268941
0.268941 , 0.731059
0.731059 , 0.268941
0.268941 , 0.731059
0.268941 , 0.731059
0.268941 , 0.731059
0.731059 , 0.268941
0.268941 , 0.731059
0.268941 , 0.731059
0.268941 , 0.731059
0.268941 , 0.731059
0.268941 , 0.731059
0.731059 , 0.268941
0.268941 , 0.731059
0.268941 , 0.731059
0.731059 , 0.268941
0.731059 , 0.268941
0.731059 , 0.268941
0.731059 , 0.268941
0.268941 , 0.731059
0.731059 , 0.268941
0.268941 , 0.731059
0.731059 , 0.268941
0.268941 , 0.731059
0.731039 , 0.268961
0.731059 , 0.268941
0.268941 , 0.731059
0.731059 , 0.268941
0.731059 , 0.268941
0.731059 , 0.268941
0.496424 , 0.503576
0.268941 , 0.731059
0.268941 , 0.731059
0.294079 , 0.705921
0.731059 , 0.268941
0.268941 , 0.731059
0.268941 , 0.731059
0.731059 , 0.268941
0.506216 , 0.493784
0.731056 , 0.268944
0.731059 , 0.268941
0.731059 , 0.268941
0.512553 , 0.487447
0.26921 , 0.73079
0.268941 , 0.731059
0.731059 , 0.268941
0.268941 , 0.731059
0.268941 , 0.731059
0.268941 , 0.731059
0.726963 , 0.273037
0.731059 , 0.268941
0.268941 , 0.731059
0.268941 , 0.731059
0.268941 , 0.731059
0.731059 , 0.268941
0.268941 , 0.731059
0.731059 , 0.268941
0.728123 , 0.271877
0.268941 , 0.731059
0.730612 , 0.269388
0.731059 , 0.268941
0.731059 , 0.268941
0.731059 , 0.268941
0.268941 , 0.731059
0.731059 , 0.268941
0.268941 , 0.731059
0.731059 , 0.268941
0.268941 , 0.731059
0.731059 , 0.268941
0.731059 , 0.268941
0.268941 , 0.731059
0.731059 , 0.268941
0.268941 , 0.731059
0.731059 , 0.268941
0.731051 , 0.268949
0.731059 , 0.268941
0.731059 , 0.268941
0.268943 , 0.731057
0.510398 , 0.489602
0.268941 , 0.731059
0.268941 , 0.731059
0.268941 , 0.731059
0.731059 , 0.268941
0.427749 , 0.572251
0.268941 , 0.731059
0.268941 , 0.731059
0.268941 , 0.731059
0.268941 , 0.731059
0.35 , 0.65
0.268941 , 0.731059
0.731059 , 0.268941
0.731059 , 0.268941
0.731059 , 0.268941
0.268941 , 0.731059
0.268941 , 0.731059
0.270251 , 0.729749
0.731059 , 0.268941
0.268941 , 0.731059
0.268941 , 0.731059
0.731059 , 0.268941
0.268941 , 0.731059
0.268941 , 0.731059
0.731059 , 0.268941
0.731059 , 0.268941
0.268941 , 0.731059
0.731059 , 0.268941
0.268941 , 0.731059
0.731059 , 0.268941
0.268941 , 0.731059
0.731059 , 0.268941
0.731059 , 0.268941
0.268941 , 0.731059
0.731059 , 0.268941
0.731059 , 0.268941
0.268955 , 0.731045
0.268941 , 0.731059
0.731059 , 0.268941
0.268941 , 0.731059
0.731059 , 0.268941
0.731059 , 0.268941
0.268941 , 0.731059
0.731059 , 0.268941
0.731059 , 0.268941
0.268942 , 0.731058
0.731059 , 0.268941
0.268941 , 0.731059
0.731059 , 0.268941
0.731059 , 0.268941
0.731059 , 0.268941
0.268941 , 0.731059
0.731059 , 0.268941
0.268941 , 0.731059
0.268941 , 0.731059
0.268941 , 0.731059
0.731059 , 0.268941
0.268941 , 0.731059
0.268941 , 0.731059
0.505495 , 0.494505
0.268941 , 0.731059
0.268941 , 0.731059
0.731059 , 0.268941
0.268941 , 0.731059
0.731059 , 0.268941
0.268941 , 0.731059
0.268941 , 0.731059
0.268941 , 0.731059
0.268941 , 0.731059
0.731059 , 0.268941
0.268941 , 0.731059
0.731059 , 0.268941
0.731059 , 0.268941
0.731059 , 0.268941
0.731059 , 0.268941
0.731059 , 0.268941
0.268949 , 0.731051
0.731059 , 0.268941
0.731059 , 0.268941
0.731059 , 0.268941
0.731059 , 0.268941
0.268941 , 0.731059
0.268941 , 0.731059
0.268941 , 0.731059
0.268941 , 0.731059
0.730041 , 0.269959
0.268941 , 0.731059
0.268941 , 0.731059
0.268941 , 0.731059
0.730958 , 0.269042
0.268941 , 0.731059
0.268941 , 0.731059
0.268941 , 0.731059
0.731059 , 0.268941
0.731059 , 0.268941
0.731059 , 0.268941
0.495691 , 0.504309
0.268941 , 0.731059
0.268941 , 0.731059
0.433609 , 0.566391
0.268941 , 0.731059
0.268941 , 0.731059
0.268942 , 0.731058
0.268941 , 0.731059
0.268941 , 0.731059
0.731059 , 0.268941
0.268941 , 0.731059
0.731059 , 0.268941
0.268941 , 0.731059
0.731059 , 0.268941
0.731059 , 0.268941
0.268941 , 0.731059
0.268941 , 0.731059
0.731059 , 0.268941
0.268941 , 0.731059
0.268941 , 0.731059
0.268941 , 0.731059
0.268948 , 0.731052
0.268941 , 0.731059
0.268941 , 0.731059
0.731059 , 0.268941
0.731059 , 0.268941
0.731059 , 0.268941
0.731059 , 0.268941
0.731059 , 0.268941
0.268941 , 0.731059
0.268941 , 0.731059
0.268941 , 0.731059
0.731059 , 0.268941
0.268941 , 0.731059
0.268941 , 0.731059
0.268941 , 0.731059
0.268941 , 0.731059
0.731059 , 0.268941
0.268941 , 0.731059
0.268941 , 0.731059
0.491706 , 0.508294
0.268941 , 0.731059
0.268941 , 0.731059
0.731059 , 0.268941
0.508422 , 0.491578
0.268941 , 0.731059
0.268941 , 0.731059
0.268941 , 0.731059
0.268941 , 0.731059
0.731059 , 0.268941
0.731059 , 0.268941
0.268941 , 0.731059
0.268941 , 0.731059
0.731059 , 0.268941
0.731059 , 0.268941
0.268941 , 0.731059
0.537094 , 0.462906
0.268941 , 0.731059
0.731058 , 0.268941
0.268941 , 0.731059
0.268941 , 0.731059
0.268941 , 0.731059
0.731059 , 0.268941
0.731059 , 0.268941
0.268941 , 0.731059
0.268941 , 0.731059
0.731059 , 0.268941
0.731059 , 0.268941
0.268941 , 0.731059
0.731059 , 0.268941
0.268941 , 0.731059
0.268941 , 0.731059
0.268941 , 0.731059
0.731059 , 0.268941
0.731059 , 0.268941
0.268941 , 0.731059
0.731059 , 0.268941
0.731059 , 0.268941
0.268941 , 0.731059
0.268941 , 0.731059
0.731059 , 0.268941
0.731059 , 0.268941
0.731059 , 0.268941
0.731059 , 0.268941
0.731059 , 0.268941
0.723647 , 0.276353
0.731059 , 0.268941
0.731059 , 0.268941
0.717347 , 0.282653
0.731059 , 0.268941
0.268941 , 0.731059
0.731059 , 0.268941
0.268941 , 0.731059
0.731059 , 0.268941
0.731059 , 0.268941
0.268941 , 0.731059
0.268941 , 0.731059
0.268941 , 0.731059
0.268941 , 0.731059
0.731059 , 0.268941
0.731059 , 0.268941
0.731059 , 0.268941
0.268941 , 0.731059
0.731059 , 0.268941
0.731059 , 0.268941
0.731059 , 0.268941
0.731059 , 0.268941
0.731059 , 0.268941
0.731059 , 0.268941
0.268941 , 0.731059
0.731059 , 0.268941
0.268941 , 0.731059
0.268941 , 0.731059
0.268941 , 0.731059
0.731059 , 0.268941
0.268941 , 0.731059
0.731059 , 0.268941
0.360291 , 0.639709
0.731059 , 0.268941
0.731059 , 0.268941
0.731059 , 0.268941
0.268941 , 0.731059
0.731059 , 0.268941
0.731059 , 0.268941
0.268942 , 0.731058
0.731059 , 0.268941
0.27217 , 0.72783
0.268941 , 0.731059
0.731059 , 0.268941
0.268941 , 0.731059
0.731059 , 0.268941
0.268941 , 0.731059
0.731059 , 0.268941
0.731059 , 0.268941
0.731059 , 0.268941
0.268941 , 0.731059
0.731059 , 0.268941
0.731059 , 0.268941
0.730866 , 0.269134
0.731059 , 0.268941
0.731059 , 0.268941
0.731059 , 0.268941
0.268941 , 0.731059
0.268941 , 0.731059
0.268941 , 0.731059
0.268944 , 0.731056
0.731059 , 0.268941
0.731059 , 0.268941
0.731059 , 0.268941
0.731059 , 0.268941
0.268941 , 0.731059
0.731059 , 0.268941
0.268941 , 0.731059
0.731059 , 0.268941
0.268941 , 0.731059
0.731059 , 0.268941
0.731059 , 0.268941
0.268941 , 0.731059
0.268941 , 0.731059
0.731059 , 0.268941
0.731059 , 0.268941
0.268941 , 0.731059
0.731059 , 0.268941
0.268941 , 0.731059
0.268941 , 0.731059
0.731059 , 0.268941
0.268941 , 0.731059
0.731059 , 0.268941
0.731059 , 0.268941
0.731059 , 0.268941
0.731059 , 0.268941
0.268941 , 0.731059
0.731059 , 0.268941
0.268941 , 0.731059
0.731059 , 0.268941
0.731059 , 0.268941
0.731058 , 0.268941
0.731059 , 0.268941
0.731059 , 0.268941
0.268941 , 0.731059
0.731059 , 0.268941
0.731056 , 0.268944
0.731059 , 0.268941
0.269227 , 0.730773
0.268941 , 0.731059
0.268941 , 0.731059
0.731059 , 0.268941
0.268941 , 0.731059
0.731042 , 0.268958
0.268941 , 0.731059
0.731059 , 0.268941
0.731059 , 0.268941
0.731059 , 0.268941
0.731059 , 0.268941
0.727201 , 0.272799
0.268941 , 0.731059
0.731059 , 0.268941
0.268941 , 0.731059
0.731059 , 0.268941
0.731059 , 0.268941
0.731059 , 0.268941
0.731059 , 0.268941
0.731059 , 0.268941
0.731059 , 0.268941
0.731059 , 0.268941
0.268941 , 0.731059
0.269302 , 0.730698
0.731059 , 0.268941
0.731059 , 0.268941
0.731059 , 0.268941
0.731059 , 0.268941
0.268941 , 0.731059
0.731059 , 0.268941
0.721059 , 0.278941
0.268941 , 0.731059
0.268947 , 0.731053
0.731059 , 0.268941
0.268941 , 0.731059
0.268941 , 0.731059
0.268941 , 0.731059
0.268941 , 0.731059
0.268941 , 0.731059
0.731059 , 0.268941
0.731059 , 0.268941
0.731059 , 0.268941
0.268941 , 0.731059
0.268941 , 0.731059
0.731059 , 0.268941
0.731059 , 0.268941
0.268951 , 0.731049
0.268941 , 0.731059
0.268941 , 0.731059
0.268941 , 0.731059
0.268941 , 0.731059
0.268941 , 0.731059
0.268941 , 0.731059
0.268941 , 0.731059
0.731059 , 0.268941
0.731059 , 0.268941
0.268941 , 0.731059
0.731059 , 0.268941
0.721269 , 0.278731
0.268942 , 0.731058
0.268941 , 0.731059
0.268941 , 0.731059
0.268941 , 0.731059
0.268941 , 0.731059
0.721447 , 0.278553
0.544163 , 0.455837
0.268941 , 0.731059
0.731059 , 0.268941
0.731059 , 0.268941
0.268941 , 0.731059
0.358669 , 0.641331
0.268941 , 0.731059
0.731059 , 0.268941
0.731059 , 0.268941
0.268941 , 0.731059
0.731059 , 0.268941
0.268941 , 0.731059
0.731059 , 0.268941
0.268941 , 0.731059
0.271656 , 0.728344
0.268941 , 0.731059
0.731059 , 0.268941
0.731059 , 0.268941
0.731059 , 0.268941
0.268943 , 0.731057
0.731059 , 0.268941
0.731059 , 0.268941
0.731059 , 0.268941
0.731059 , 0.268941
0.268941 , 0.731059
0.268941 , 0.731059
0.731059 , 0.268941
0.731059 , 0.268941
0.731059 , 0.268941
0.500117 , 0.499882
0.268941 , 0.731059
0.731047 , 0.268953
0.268941 , 0.731059
0.730441 , 0.269559
0.268941 , 0.731059
0.731059 , 0.268941
0.731059 , 0.268941
0.731059 , 0.268941
0.731059 , 0.268941
0.731059 , 0.268941
0.349679 , 0.650321
0.731059 , 0.268941
0.268941 , 0.731059
0.268941 , 0.731059
0.268955 , 0.731045
0.731059 , 0.268941
0.268941 , 0.731059
0.731059 , 0.268941
0.731059 , 0.268941
0.731059 , 0.268941
0.731059 , 0.268941
0.731059 , 0.268941
0.268941 , 0.731059
0.268941 , 0.731059
0.268941 , 0.731059
0.268941 , 0.731059
0.731059 , 0.268941
0.268941 , 0.731059
0.268941 , 0.731059
0.268941 , 0.731059
0.268941 , 0.731059
0.268941 , 0.731059
0.731059 , 0.268941
0.731059 , 0.268941
0.268941 , 0.731059
0.731059 , 0.268941
0.731059 , 0.268941
0.731059 , 0.268941
0.49441 , 0.50559
0.662567 , 0.337433
0.731059 , 0.268941
0.268941 , 0.731059
0.731059 , 0.268941
0.268941 , 0.731059
0.268941 , 0.731059
0.731059 , 0.268941
0.268941 , 0.731059
0.268941 , 0.731059
0.731059 , 0.268941
0.731059 , 0.268941
0.268941 , 0.731059
0.731059 , 0.268941
0.731059 , 0.268941
0.268941 , 0.731059
0.731059 , 0.268941
0.268941 , 0.731059
0.268941 , 0.731059
0.268941 , 0.731059
0.268942 , 0.731058
0.731059 , 0.268941
0.268941 , 0.731059
0.268941 , 0.731059
0.268941 , 0.731059
0.268941 , 0.731059
0.731059 , 0.268941
0.731059 , 0.268941
0.731059 , 0.268941
0.268941 , 0.731059
0.731059 , 0.268941
0.728895 , 0.271105
0.731059 , 0.268941
0.268941 , 0.731059
0.731059 , 0.268941
0.731059 , 0.268941
0.268941 , 0.731059
0.268941 , 0.731059
0.731059 , 0.268941
0.731053 , 0.268947
0.268941 , 0.731059
0.268941 , 0.731059
0.731059 , 0.268941
0.730638 , 0.269362
0.731059 , 0.268941
0.268941 , 0.731059
0.268941 , 0.731059
0.268941 , 0.731059
0.731058 , 0.268942
0.268941 , 0.731059
0.731059 , 0.268941
0.731059 , 0.268941
0.731059 , 0.268941
0.268941 , 0.731059
0.268941 , 0.731059
0.268941 , 0.731059
0.268941 , 0.731059
0.26903 , 0.730969
0.731059 , 0.268941
0.730249 , 0.269751
0.731059 , 0.268941
0.268941 , 0.731059
0.315448 , 0.684552
0.731059 , 0.268941
0.731059 , 0.268941
0.731059 , 0.268941
0.268941 , 0.731059
0.731059 , 0.268941
0.268941 , 0.731059
0.268941 , 0.731059
0.731059 , 0.268941
0.520684 , 0.479316
0.731059 , 0.268941
0.731059 , 0.268941
0.268942 , 0.731058
0.268941 , 0.731059
0.268941 , 0.731059
0.268941 , 0.731059
0.731059 , 0.268941
0.268941 , 0.731059
0.731059 , 0.268941
0.731059 , 0.268941
0.268941 , 0.731059
0.268941 , 0.731059
0.268941 , 0.731059
0.731059 , 0.268941
0.731059 , 0.268941
0.268941 , 0.731059
0.268941 , 0.731059
0.268941 , 0.731059
0.268941 , 0.731059
0.731059 , 0.268941
0.268941 , 0.731059
0.731059 , 0.268941
0.268942 , 0.731058
0.731059 , 0.268941
0.731059 , 0.268941
0.731059 , 0.268941
0.731059 , 0.268941
0.731059 , 0.268941
0.731059 , 0.268941
0.35 , 0.65
0.731059 , 0.268941
0.731059 , 0.268941
0.276403 , 0.723597
0.268941 , 0.731059
0.731059 , 0.268941
0.731059 , 0.268941
0.268941 , 0.731059
0.731059 , 0.268941
0.731059 , 0.268941
0.731059 , 0.268941
0.268941 , 0.731059
0.731059 , 0.268941
0.268941 , 0.731059
0.268941 , 0.731059
0.268941 , 0.731059
0.731059 , 0.268941
0.268941 , 0.731059
0.268941 , 0.731059
0.731059 , 0.268941
0.731059 , 0.268941
0.268941 , 0.731059
0.268941 , 0.731059
0.731059 , 0.268941
0.731059 , 0.268941
0.523115 , 0.476885
0.731059 , 0.268941
0.731059 , 0.268941
0.731059 , 0.268941
0.278915 , 0.721085
0.268941 , 0.731059
0.268941 , 0.731059
0.731059 , 0.268941
0.731059 , 0.268941
0.731058 , 0.268942
0.268941 , 0.731059
0.731059 , 0.268941
0.268941 , 0.731059
0.268941 , 0.731059
0.715603 , 0.284397
0.731059 , 0.268941
0.268941 , 0.731059
0.731059 , 0.268941
0.731059 , 0.268941
0.731059 , 0.268941
0.731059 , 0.268941
0.268941 , 0.731059
0.268941 , 0.731059
0.26898 , 0.731019
0.268941 , 0.731059
0.268941 , 0.731059
0.268941 , 0.731059
0.731059 , 0.268941
0.731059 , 0.268941
0.731059 , 0.268941
0.268941 , 0.731059
0.268941 , 0.731059
0.731059 , 0.268941
0.731059 , 0.268941
0.268941 , 0.731059
0.268941 , 0.731059
0.731059 , 0.268941
0.268941 , 0.731059
0.268941 , 0.731059
0.268941 , 0.731059
0.731059 , 0.268941
0.268941 , 0.731059
0.731059 , 0.268941
0.731058 , 0.268942
0.268941 , 0.731059
0.268941 , 0.731059
0.268941 , 0.731059
0.731059 , 0.268941
0.731059 , 0.268941
0.268941 , 0.731059
0.731059 , 0.268941
0.731059 , 0.268941
0.731059 , 0.268941
0.268941 , 0.731059
0.268941 , 0.731059
0.731059 , 0.268941
0.268941 , 0.731059
0.268942 , 0.731058
0.268941 , 0.731059
0.268941 , 0.731059
0.731059 , 0.268941
0.731059 , 0.268941
0.268941 , 0.731059
0.731059 , 0.268941
0.268941 , 0.731059
0.731059 , 0.268941
0.282473 , 0.717527
0.268941 , 0.731059
0.268941 , 0.731059
0.731059 , 0.268941
0.731059 , 0.268941
0.731059 , 0.268941
0.731059 , 0.268941
0.268941 , 0.731059
0.731059 , 0.268941
0.731059 , 0.268941
0.268941 , 0.731059
0.268941 , 0.731059
0.268941 , 0.731059
0.731059 , 0.268941
0.731059 , 0.268941
0.268941 , 0.731059
0.731059 , 0.268941
0.268941 , 0.731059
0.268941 , 0.731059
0.731059 , 0.268941
0.731059 , 0.268941
0.731059 , 0.268941
0.268941 , 0.731059
0.731059 , 0.268941
0.731059 , 0.268941
0.268941 , 0.731059
0.268942 , 0.731058
0.268941 , 0.731059
0.731059 , 0.268941
0.268941 , 0.731059
0.268941 , 0.731059
0.268941 , 0.731059
0.731059 , 0.268941
0.35 , 0.65
0.731059 , 0.268941
0.731059 , 0.268941
0.730697 , 0.269303
0.731059 , 0.268941
0.731059 , 0.268941
0.731059 , 0.268941
0.731059 , 0.268941
0.268941 , 0.731059
0.268941 , 0.731059
0.268941 , 0.731059
0.268941 , 0.731059
0.731059 , 0.268941
0.268941 , 0.731059
0.731059 , 0.268941
0.268941 , 0.731059
0.268941 , 0.731059
0.268941 , 0.731059
0.731059 , 0.268941
0.731059 , 0.268941
0.433609 , 0.566391
0.731059 , 0.268941
0.731059 , 0.268941
0.731059 , 0.268941
0.731059 , 0.268941
0.268953 , 0.731047
0.268941 , 0.731059
0.731059 , 0.268941
0.268941 , 0.731059
0.268941 , 0.731059
0.731059 , 0.268941
0.698628 , 0.301372
0.731024 , 0.268976
0.731059 , 0.268941
0.268941 , 0.731059
0.731059 , 0.268941
0.268941 , 0.731059
0.269092 , 0.730908
0.268943 , 0.731057
0.731059 , 0.268941
0.268941 , 0.731059
0.731059 , 0.268941
0.268941 , 0.731059
0.731059 , 0.268941
0.268941 , 0.731059
0.368769 , 0.631231
0.473077 , 0.526923
0.268941 , 0.731059
0.731059 , 0.268941
0.268941 , 0.731059
0.268941 , 0.731059
0.545237 , 0.454763
0.268941 , 0.731059
0.268941 , 0.731059
0.268941 , 0.731059
0.731059 , 0.268941
0.731058 , 0.268942
0.268941 , 0.731059
0.268941 , 0.731059
0.731059 , 0.268941
0.268941 , 0.731059
0.731059 , 0.268941
0.731059 , 0.268941
0.731059 , 0.268941
0.731059 , 0.268941
0.731059 , 0.268941
0.731059 , 0.268941
0.268941 , 0.731059
0.268941 , 0.731059
0.731059 , 0.268941
0.731059 , 0.268941
0.268941 , 0.731059
0.268941 , 0.731059
0.731022 , 0.268978
0.51274 , 0.48726
0.268941 , 0.731059
0.268941 , 0.731059
0.268941 , 0.731059
0.268941 , 0.731059
0.268941 , 0.731059
0.270013 , 0.729987
0.731059 , 0.268941
0.501079 , 0.498921
0.268941 , 0.731059
0.501888 , 0.498112
0.731059 , 0.268941
0.268941 , 0.731059
0.268941 , 0.731059
0.731059 , 0.268941
0.268941 , 0.731059
0.731059 , 0.268941
0.268941 , 0.731059
0.268941 , 0.731059
0.268941 , 0.731059
0.268941 , 0.731059
0.268941 , 0.731059
0.268941 , 0.731059
0.731059 , 0.268941
0.36398 , 0.63602
0.731059 , 0.268941
0.268941 , 0.731059
0.268941 , 0.731059
0.731059 , 0.268941
0.268941 , 0.731059
0.731059 , 0.268941
0.268941 , 0.731059
0.731059 , 0.268941
0.268941 , 0.731059
0.268941 , 0.731059
0.419246 , 0.580754
0.731059 , 0.268941
0.268941 , 0.731059
0.731059 , 0.268941
0.268941 , 0.731059
0.271331 , 0.728669
0.268942 , 0.731058
0.731059 , 0.268941
0.731059 , 0.268941
0.731059 , 0.268941
0.731059 , 0.268941
0.322084 , 0.677916
0.731059 , 0.268941
0.731059 , 0.268941
0.268941 , 0.731059
0.268941 , 0.731059
0.731059 , 0.268941
0.731059 , 0.268941
0.731059 , 0.268941
0.268941 , 0.731059
0.731058 , 0.268942
0.731059 , 0.268941
0.268941 , 0.731059
0.268941 , 0.731059
0.268941 , 0.731059
0.731059 , 0.268941
0.731059 , 0.268941
0.268941 , 0.731059
0.268941 , 0.731059
0.268941 , 0.731059
0.268941 , 0.731059
0.731059 , 0.268941
0.268941 , 0.731059
0.268941 , 0.731059
0.731059 , 0.268941
0.731044 , 0.268955
0.731059 , 0.268941
0.731059 , 0.268941
0.268941 , 0.731059
0.268941 , 0.731059
0.731059 , 0.268941
0.731059 , 0.268941
0.731059 , 0.268941
0.731059 , 0.268941
0.268941 , 0.731059
0.268941 , 0.731059
0.731059 , 0.268941
0.731059 , 0.268941
0.731058 , 0.268942
0.268941 , 0.731059
0.268941 , 0.731059
0.512238 , 0.487762
0.268941 , 0.731059
0.268941 , 0.731059
0.268941 , 0.731059
0.268941 , 0.731059
0.268941 , 0.731059
0.268941 , 0.731059
0.269929 , 0.730071
0.268941 , 0.731059
0.731059 , 0.268941
0.292456 , 0.707544
0.731059 , 0.268941
0.268941 , 0.731059
0.731059 , 0.268941
0.731059 , 0.268941
0.268941 , 0.731059
0.268941 , 0.731059
0.615845 , 0.384155
0.731058 , 0.268942
0.268941 , 0.731059
0.731059 , 0.268941
0.731059 , 0.268941
0.268942 , 0.731058
0.268942 , 0.731058
0.731059 , 0.268941
0.268941 , 0.731059
0.268941 , 0.731059
0.268941 , 0.731059
0.268941 , 0.731059
0.268941 , 0.731059
0.731059 , 0.268941
0.731059 , 0.268941
0.731059 , 0.268941
0.268941 , 0.731059
0.268941 , 0.731059
0.268941 , 0.731059
0.731012 , 0.268988
0.731059 , 0.268941
0.268941 , 0.731059
0.268941 , 0.731059
0.268942 , 0.731058
0.268941 , 0.731059
0.268941 , 0.731059
0.731059 , 0.268941
0.268941 , 0.731059
0.268941 , 0.731059
0.268941 , 0.731059
0.268941 , 0.731059
0.268941 , 0.731059
0.268941 , 0.731059
0.268941 , 0.731059
0.731059 , 0.268941
0.731059 , 0.268941
0.731059 , 0.268941
0.268941 , 0.731059
0.292564 , 0.707436
0.268941 , 0.731059
0.268941 , 0.731059
0.268941 , 0.731059
0.731059 , 0.268941
0.731059 , 0.268941
0.268941 , 0.731059
0.730503 , 0.269497
0.268941 , 0.731059
0.731059 , 0.268941
0.731059 , 0.268941
0.268941 , 0.731059
0.268941 , 0.731059
0.731059 , 0.268941
0.268941 , 0.731059
0.268941 , 0.731059
0.731059 , 0.268941
0.268941 , 0.731059
0.268941 , 0.731059
0.268941 , 0.731059
0.268941 , 0.731059
0.268941 , 0.731059
0.503119 , 0.496881
0.731059 , 0.268941
0.268941 , 0.731059
0.731059 , 0.268941
0.731059 , 0.268941
0.731059 , 0.268941
0.731056 , 0.268944
0.731059 , 0.268941
0.268941 , 0.731059
0.731059 , 0.268941
0.268941 , 0.731059
0.268978 , 0.731022
0.268941 , 0.731059
0.268941 , 0.731059
0.268941 , 0.731059
0.268941 , 0.731059
0.731059 , 0.268941
0.268941 , 0.731059
0.268941 , 0.731059
0.53265 , 0.46735
0.588839 , 0.411161
0.731059 , 0.268941
0.268941 , 0.731059
0.731059 , 0.268941
0.268941 , 0.731059
0.268941 , 0.731059
0.731059 , 0.268941
0.268941 , 0.731059
0.731059 , 0.268941
0.731059 , 0.268941
0.590223 , 0.409777
0.268941 , 0.731059
0.731059 , 0.268941
0.268941 , 0.731059
0.268941 , 0.731059
0.731059 , 0.268941
0.268941 , 0.731059
0.731059 , 0.268941
0.484928 , 0.515072
0.731059 , 0.268941
0.731059 , 0.268941
0.268941 , 0.731059
0.731059 , 0.268941
0.731059 , 0.268941
0.268941 , 0.731059
0.268941 , 0.731059
0.268941 , 0.731059
0.268941 , 0.731059
0.731059 , 0.268941
0.731059 , 0.268941
0.268941 , 0.731059
0.268941 , 0.731059
0.731059 , 0.268941
0.731059 , 0.268941
0.731059 , 0.268941
0.268941 , 0.731059
0.268941 , 0.731059
0.268941 , 0.731059
0.268941 , 0.731059
0.268941 , 0.731059
0.268941 , 0.731059
0.731059 , 0.268941
0.731059 , 0.268941
0.731059 , 0.268941
0.268941 , 0.731059
0.268941 , 0.731059
0.731059 , 0.268941
0.268941 , 0.731059
0.731059 , 0.268941
0.731059 , 0.268941
0.269055 , 0.730945
0.268941 , 0.731059
0.721087 , 0.278913
0.268941 , 0.731059
0.268941 , 0.731059
0.731059 , 0.268941
0.731059 , 0.268941
0.731059 , 0.268941
0.268945 , 0.731055
0.275298 , 0.724702
0.268941 , 0.731059
0.731059 , 0.268941
0.268941 , 0.731059
0.268941 , 0.731059
0.731059 , 0.268941
0.731059 , 0.268941
0.499014 , 0.500986
0.731059 , 0.268941
0.731059 , 0.268941
0.731059 , 0.268941
0.268941 , 0.731059
0.731059 , 0.268941
0.731059 , 0.268941
0.268944 , 0.731056
0.268941 , 0.731059
0.268941 , 0.731059
0.730968 , 0.269032
0.268941 , 0.731059
0.731059 , 0.268941
0.268941 , 0.731059
0.731059 , 0.268941
0.268941 , 0.731059
0.268941 , 0.731059
0.268941 , 0.731059
0.268941 , 0.731059
0.268941 , 0.731059
0.731059 , 0.268941
0.731057 , 0.268943
0.268941 , 0.731059
0.731059 , 0.268941
0.307098 , 0.692902
0.268941 , 0.731059
0.268941 , 0.731059
0.73105 , 0.26895
0.268941 , 0.731059
0.268941 , 0.731059
0.731059 , 0.268941
0.731059 , 0.268941
0.268941 , 0.731059
0.679359 , 0.320641
0.731059 , 0.268941
0.268941 , 0.731059
0.268941 , 0.731059
0.731059 , 0.268941
0.268941 , 0.731059
0.731059 , 0.268941
0.268941 , 0.731059
0.268941 , 0.731059
0.268941 , 0.731059
0.268941 , 0.731059
0.268941 , 0.731059
0.731059 , 0.268941
0.268941 , 0.731059
0.268941 , 0.731059
0.268941 , 0.731059
0.731059 , 0.268941
0.268941 , 0.731059
0.512238 , 0.487762
0.731059 , 0.268941
0.268941 , 0.731059
0.268941 , 0.731059
0.274889 , 0.725111
0.268941 , 0.731059
0.268941 , 0.731059
0.268941 , 0.731059
0.268941 , 0.731059
0.268941 , 0.731059
0.268941 , 0.731059
0.268941 , 0.731059
0.268941 , 0.731059
0.268941 , 0.731059
0.268941 , 0.731059
0.268941 , 0.731059
0.731059 , 0.268941
0.731059 , 0.268941
0.731059 , 0.268941
0.268941 , 0.731059
0.731059 , 0.268941
0.268941 , 0.731059
0.268941 , 0.731059
0.731059 , 0.268941
0.268941 , 0.731059
0.268941 , 0.731059
0.731059 , 0.268941
0.268941 , 0.731059
0.268941 , 0.731059
0.730327 , 0.269673
0.731059 , 0.268941
0.500176 , 0.499824
0.268941 , 0.731059
0.731059 , 0.268941
0.268941 , 0.731059
0.268941 , 0.731059
0.268941 , 0.731059
0.268941 , 0.731059
0.731059 , 0.268941
0.731059 , 0.268941
0.268941 , 0.731059
0.731059 , 0.268941
0.268941 , 0.731059
0.268941 , 0.731059
0.731059 , 0.268941
0.268941 , 0.731059
0.268941 , 0.731059
0.731059 , 0.268941
0.268941 , 0.731059
0.268941 , 0.731059
0.731046 , 0.268954
0.268941 , 0.731059
0.268941 , 0.731059
0.268941 , 0.731059
0.268941 , 0.731059
0.268942 , 0.731058
0.268941 , 0.731059
0.268941 , 0.731059
0.268941 , 0.731059
0.268941 , 0.731059
0.268941 , 0.731059
0.730754 , 0.269246
0.268941 , 0.731059
0.268941 , 0.731059
0.268941 , 0.731059
0.731059 , 0.268941
0.731059 , 0.268941
0.731058 , 0.268942
0.268941 , 0.731059
0.731059 , 0.268941
0.731059 , 0.268941
0.268941 , 0.731059
0.268941 , 0.731059
0.268941 , 0.731059
0.731059 , 0.268941
0.268941 , 0.731059
0.731059 , 0.268941
0.268941 , 0.731059
0.268941 , 0.731059
0.268941 , 0.731059
0.268941 , 0.731059
0.268941 , 0.731059
0.500235 , 0.499766
0.268941 , 0.731059
0.268941 , 0.731059
0.268941 , 0.731059
0.730895 , 0.269105
0.268941 , 0.731059
0.731059 , 0.268941
0.731059 , 0.268941
0.268941 , 0.731059
0.268941 , 0.731059
0.268941 , 0.731059
0.731059 , 0.268941
0.268941 , 0.731059
0.268941 , 0.731059
0.268941 , 0.731059
0.268941 , 0.731059
0.731059 , 0.268941
0.268941 , 0.731059
0.731059 , 0.268941
0.500605 , 0.499395
0.280778 , 0.719222
0.731059 , 0.268941
0.268941 , 0.731059
0.268941 , 0.731059
0.268941 , 0.731059
0.268941 , 0.731059
0.268941 , 0.731059
0.268942 , 0.731058
0.268941 , 0.731059
0.731059 , 0.268941
0.268941 , 0.731059
0.268941 , 0.731059
0.731057 , 0.268943
0.268941 , 0.731059
0.268941 , 0.731059
0.268941 , 0.731059
0.354845 , 0.645155
0.731059 , 0.268941
0.268941 , 0.731059
0.268941 , 0.731059
0.268941 , 0.731059
0.731059 , 0.268941
0.731059 , 0.268941
0.730066 , 0.269933
0.731059 , 0.268941
0.268941 , 0.731059
0.731059 , 0.268941
0.268941 , 0.731059
0.731059 , 0.268941
0.731059 , 0.268941
0.268941 , 0.731059
0.731059 , 0.268941
0.268941 , 0.731059
0.731054 , 0.268946
0.268941 , 0.731059
0.268941 , 0.731059
0.731059 , 0.268941
0.731059 , 0.268941
0.731059 , 0.268941
0.268941 , 0.731059
0.268941 , 0.731059
0.268941 , 0.731059
0.731059 , 0.268941
0.268941 , 0.731059
0.501134 , 0.498866
0.731059 , 0.268941
0.731059 , 0.268941
0.268941 , 0.731059
0.731059 , 0.268941
0.268941 , 0.731059
0.731059 , 0.268941
0.268941 , 0.731059
0.268941 , 0.731059
0.268941 , 0.731059
0.268941 , 0.731059
0.268941 , 0.731059
0.268941 , 0.731059
0.731059 , 0.268941
0.268946 , 0.731054
0.268941 , 0.731059
0.731058 , 0.268942
0.268941 , 0.731059
0.268941 , 0.731059
0.731059 , 0.268941
0.268941 , 0.731059
0.731059 , 0.268941
0.268941 , 0.731059
0.731059 , 0.268941
0.268941 , 0.731059
0.731059 , 0.268941
0.268941 , 0.731059
0.731059 , 0.268941
0.268941 , 0.731059
0.268941 , 0.731059
0.268941 , 0.731059
0.269772 , 0.730228
0.268941 , 0.731059
0.268941 , 0.731059
0.731059 , 0.268941
0.268966 , 0.731034
0.731059 , 0.268941
0.731058 , 0.268941
0.268941 , 0.731059
0.268941 , 0.731059
0.268941 , 0.731059
0.731059 , 0.268941
0.731059 , 0.268941
0.731059 , 0.268941
0.268941 , 0.731059
0.268941 , 0.731059
0.268941 , 0.731059
0.268941 , 0.731059
0.731059 , 0.268941
0.268941 , 0.731059
0.268941 , 0.731059
0.268941 , 0.731059
0.731059 , 0.268941
0.268941 , 0.731059
0.268941 , 0.731059
0.268941 , 0.731059
0.268941 , 0.731059
0.268941 , 0.731059
0.268941 , 0.731059
0.731058 , 0.268942
0.268941 , 0.731059
0.268941 , 0.731059
0.268941 , 0.731059
0.268941 , 0.731059
0.268941 , 0.731059
0.268941 , 0.731059
0.268941 , 0.731059
0.731059 , 0.268941
0.268941 , 0.731059
0.729268 , 0.270732
0.731059 , 0.268941
0.731059 , 0.268941
0.731059 , 0.268941
0.268941 , 0.731059
0.268941 , 0.731059
0.268941 , 0.731059
0.731059 , 0.268941
0.268941 , 0.731059
0.731059 , 0.268941
0.730868 , 0.269132
0.268941 , 0.731059
0.268941 , 0.731059
0.268946 , 0.731054
0.268941 , 0.731059
0.268941 , 0.731059
0.268941 , 0.731059
0.268941 , 0.731059
0.268941 , 0.731059
0.268942 , 0.731058
0.731059 , 0.268941
0.268941 , 0.731059
0.268941 , 0.731059
0.268941 , 0.731059
0.268941 , 0.731059
0.268941 , 0.731059
0.269015 , 0.730985
0.268941 , 0.731059
0.731059 , 0.268941
0.731059 , 0.268941
0.731059 , 0.268941
0.433609 , 0.566391
0.268941 , 0.731059
0.268941 , 0.731059
0.731059 , 0.268941
0.268941 , 0.731059
0.268941 , 0.731059
0.292156 , 0.707844
0.731059 , 0.268941
0.268941 , 0.731059
0.268941 , 0.731059
0.268941 , 0.731059
0.731053 , 0.268947
0.268941 , 0.731059
0.731059 , 0.268941
0.268941 , 0.731059
0.268941 , 0.731059
0.268941 , 0.731059
0.731059 , 0.268941
0.731059 , 0.268941
0.731059 , 0.268941
0.268941 , 0.731059
0.268941 , 0.731059
0.731059 , 0.268941
0.731059 , 0.268941
0.731059 , 0.268941
0.731059 , 0.268941
0.268941 , 0.731059
0.268941 , 0.731059
0.268941 , 0.731059
0.268941 , 0.731059
0.268941 , 0.731059
0.268941 , 0.731059
0.268941 , 0.731059
0.731059 , 0.268941
0.268941 , 0.731059
0.268941 , 0.731059
0.268941 , 0.731059
0.268941 , 0.731059
0.268941 , 0.731059
0.351919 , 0.648081
0.731059 , 0.268941
0.268941 , 0.731059
0.731059 , 0.268941
0.533168 , 0.466832
0.268941 , 0.731059
0.268941 , 0.731059
0.731056 , 0.268944
0.731059 , 0.268941
0.731059 , 0.268941
0.268941 , 0.731059
0.268941 , 0.731059
0.268941 , 0.731059
0.268944 , 0.731056
0.731059 , 0.268941
0.731059 , 0.268941
0.268941 , 0.731059
0.268941 , 0.731059
0.731059 , 0.268941
0.731059 , 0.268941
0.268941 , 0.731059
0.731058 , 0.268942
0.268941 , 0.731059
0.731059 , 0.268941
0.268941 , 0.731059
0.268941 , 0.731059
0.731059 , 0.268941
0.268941 , 0.731059
0.731059 , 0.268941
0.268941 , 0.731059
0.268941 , 0.731059
0.268941 , 0.731059
0.268941 , 0.731059
0.268941 , 0.731059
0.268941 , 0.731059
0.268941 , 0.731059
0.731059 , 0.268941
0.268941 , 0.731059
0.268941 , 0.731059
0.268941 , 0.731059
0.730729 , 0.269271
0.731056 , 0.268944
0.268941 , 0.731059
0.268941 , 0.731059
0.731058 , 0.268942
0.731059 , 0.268941
0.268941 , 0.731059
0.731059 , 0.268941
0.731059 , 0.268941
0.268941 , 0.731059
0.729563 , 0.270437
0.731059 , 0.268941
0.725618 , 0.274382
0.325992 , 0.674008
0.268941 , 0.731059
0.731059 , 0.268941
0.268941 , 0.731059
0.268941 , 0.731059
0.268941 , 0.731059
0.268941 , 0.731059
0.268941 , 0.731059
0.731059 , 0.268941
0.268941 , 0.731059
0.731053 , 0.268947
0.731059 , 0.268941
0.268941 , 0.731059
0.268941 , 0.731059
0.268941 , 0.731059
0.268941 , 0.731059
0.731059 , 0.268941
0.731059 , 0.268941
0.268941 , 0.731059
0.268941 , 0.731059
0.268941 , 0.731059
0.731058 , 0.268941
0.268941 , 0.731059
0.274898 , 0.725102
0.268941 , 0.731059
0.731059 , 0.268941
0.268941 , 0.731059
0.309374 , 0.690626
0.268941 , 0.731059
0.268941 , 0.731059
0.731059 , 0.268941
0.269004 , 0.730996
0.731059 , 0.268941
