id,realDonaldTrump,HillaryClinton
0,0.329018,0.670982
1,0.000002,0.999998
2,0.000000,1.000000
3,0.000000,1.000000
4,0.998010,0.001990
5,0.066024,0.933976
6,0.366049,0.633951
7,0.000015,0.999985
8,0.000001,0.999999
9,0.999920,0.000080
10,0.999998,0.000002
11,0.008402,0.991598
12,0.334484,0.665516
13,0.129514,0.870486
14,0.026056,0.973944
15,0.999994,0.000006
16,0.999508,0.000492
17,0.992623,0.007377
18,0.447098,0.552902
19,0.999952,0.000048
20,0.069592,0.930408
21,0.010624,0.989376
22,0.016456,0.983544
23,0.954548,0.045452
24,0.195956,0.804044
25,0.005679,0.994321
26,0.999999,0.000001
27,0.000000,1.000000
28,0.016303,0.983697
29,0.002655,0.997345
30,0.969188,0.030812
31,0.022246,0.977754
32,0.013128,0.986872
33,0.722443,0.277557
34,0.993319,0.006681
35,0.952392,0.047608
36,0.124469,0.875531
37,0.047896,0.952104
38,0.817662,0.182338
39,0.040866,0.959134
40,0.015194,0.984806
41,0.020608,0.979392
42,0.007600,0.992400
43,0.997833,0.002167
44,0.534905,0.465095
45,0.648023,0.351977
46,0.513162,0.486838
47,0.844415,0.155585
48,0.096592,0.903408
49,0.000001,0.999999
50,0.556585,0.443415
51,0.274648,0.725352
52,0.716085,0.283915
53,0.955102,0.044898
54,0.647090,0.352910
55,0.003096,0.996904
56,0.000000,1.000000
57,0.010708,0.989292
58,0.999648,0.000352
59,0.060438,0.939562
60,0.000000,1.000000
61,0.956300,0.043700
62,0.089962,0.910038
63,0.052170,0.947830
64,0.011870,0.988130
65,0.028526,0.971474
66,0.417087,0.582913
67,0.013762,0.986238
68,0.004644,0.995356
69,0.996782,0.003218
70,0.993407,0.006593
71,0.032542,0.967458
72,0.000008,0.999992
73,0.035509,0.964491
74,0.000002,0.999998
75,0.047765,0.952235
76,0.058291,0.941709
77,0.490498,0.509502
78,0.514126,0.485874
79,0.000000,1.000000
80,0.025773,0.974227
81,0.023199,0.976801
82,0.005023,0.994977
83,0.000000,1.000000
84,0.000000,1.000000
85,0.008007,0.991993
86,0.996764,0.003236
87,0.260725,0.739275
88,0.008702,0.991298
89,0.005487,0.994513
90,0.077033,0.922967
91,0.016811,0.983189
92,0.000001,0.999999
93,0.999999,0.000001
94,0.999999,0.000001
95,0.273103,0.726897
96,0.789659,0.210341
97,0.891768,0.108232
98,0.024661,0.975339
99,0.500000,0.500000
100,0.006402,0.993598
101,0.947921,0.052079
102,0.307324,0.692676
103,0.018621,0.981379
104,0.135895,0.864105
105,0.050432,0.949568
106,0.176338,0.823662
107,0.997622,0.002378
108,0.995289,0.004711
109,0.046119,0.953881
110,0.853951,0.146049
111,0.110187,0.889813
112,0.980801,0.019199
113,0.020875,0.979125
114,0.000000,1.000000
115,0.003586,0.996414
116,0.274567,0.725433
117,0.975899,0.024101
118,0.854590,0.145410
119,0.005185,0.994815
120,0.757106,0.242894
121,0.127869,0.872131
122,0.000000,1.000000
123,0.316168,0.683832
124,0.700225,0.299775
125,0.012208,0.987792
126,0.968128,0.031872
127,0.999996,0.000004
128,0.999965,0.000035
129,0.139415,0.860585
130,0.003545,0.996455
131,0.077843,0.922157
132,0.000001,0.999999
133,0.006279,0.993721
134,0.168227,0.831773
135,0.004205,0.995795
136,0.999546,0.000454
137,0.946188,0.053812
138,0.028773,0.971227
139,0.919613,0.080387
140,0.999852,0.000148
141,0.022181,0.977819
142,0.005426,0.994574
143,0.004039,0.995961
144,0.000011,0.999989
145,0.988127,0.011873
146,0.294226,0.705774
147,0.963313,0.036687
148,0.932753,0.067247
149,0.030333,0.969667
150,0.989903,0.010097
151,0.912620,0.087380
152,0.963433,0.036567
153,0.999977,0.000023
154,0.993793,0.006207
155,0.999990,0.000010
156,0.946815,0.053185
157,0.000000,1.000000
158,0.215304,0.784696
159,0.999987,0.000013
160,0.000002,0.999998
161,0.972117,0.027883
162,0.271504,0.728496
163,0.081428,0.918572
164,0.069512,0.930488
165,0.017563,0.982437
166,0.988159,0.011841
167,0.968735,0.031265
168,0.018581,0.981419
169,0.108749,0.891251
170,0.932695,0.067305
171,0.002691,0.997309
172,0.999781,0.000219
173,0.321742,0.678258
174,0.999998,0.000002
175,0.027317,0.972683
176,0.493196,0.506804
177,0.007124,0.992876
178,0.139083,0.860917
179,0.900481,0.099519
180,0.000000,1.000000
181,0.000000,1.000000
182,0.000000,1.000000
183,0.189879,0.810121
184,0.809785,0.190215
185,0.011868,0.988132
186,0.999266,0.000734
187,0.060759,0.939241
188,0.345757,0.654243
189,0.000000,1.000000
190,0.201886,0.798114
191,0.483096,0.516904
192,0.000000,1.000000
193,0.998367,0.001633
194,0.999480,0.000520
195,0.239884,0.760116
196,0.000000,1.000000
197,0.062247,0.937753
198,0.803249,0.196751
199,0.026238,0.973762
200,0.961516,0.038484
201,0.987573,0.012427
202,0.972331,0.027669
203,0.080574,0.919426
204,0.002666,0.997334
205,0.124946,0.875054
206,0.966390,0.033610
207,0.000000,1.000000
208,0.000002,0.999998
209,0.000000,1.000000
210,0.000000,1.000000
211,0.033870,0.966130
212,0.106698,0.893302
213,0.092096,0.907904
214,0.183381,0.816619
215,0.009819,0.990181
216,0.176129,0.823871
217,0.160285,0.839715
218,0.000000,1.000000
219,0.126940,0.873060
220,0.031832,0.968168
221,0.131303,0.868697
222,0.000009,0.999991
223,0.823028,0.176972
224,0.999014,0.000986
225,0.966182,0.033818
226,0.915375,0.084625
227,0.300114,0.699886
228,0.391749,0.608251
229,0.053746,0.946254
230,0.009048,0.990952
231,0.999117,0.000883
232,0.109536,0.890464
233,0.601603,0.398397
234,0.033821,0.966179
235,0.023294,0.976706
236,0.993911,0.006089
237,0.913618,0.086382
238,0.000000,1.000000
239,0.980779,0.019221
240,0.999761,0.000239
241,0.455045,0.544955
242,0.363091,0.636909
243,0.000010,0.999990
244,0.163012,0.836988
245,0.000000,1.000000
246,0.026384,0.973616
247,0.999998,0.000002
248,0.005872,0.994128
249,0.000000,1.000000
250,0.311820,0.688180
251,0.000004,0.999996
252,0.237020,0.762980
253,0.000003,0.999997
254,0.008634,0.991366
255,0.000000,1.000000
256,0.999688,0.000312
257,0.000001,0.999999
258,0.033323,0.966677
259,0.000006,0.999994
260,0.220331,0.779669
261,0.637640,0.362360
262,0.353039,0.646961
263,0.000000,1.000000
264,0.000008,0.999992
265,0.023072,0.976928
266,0.021103,0.978897
267,0.957742,0.042258
268,0.231841,0.768159
269,0.999790,0.000210
270,0.914094,0.085906
271,0.248175,0.751825
272,0.935069,0.064931
273,0.014315,0.985685
274,0.000001,0.999999
275,0.352388,0.647612
276,0.998741,0.001259
277,0.510661,0.489339
278,0.996595,0.003405
279,0.021258,0.978742
280,0.990978,0.009022
281,0.694975,0.305025
282,0.000000,1.000000
283,0.710785,0.289215
284,0.320356,0.679644
285,0.902402,0.097598
286,0.615967,0.384033
287,0.741836,0.258164
288,0.012376,0.987624
289,0.830279,0.169721
290,0.978447,0.021553
291,0.299839,0.700161
292,0.000002,0.999998
293,0.000009,0.999991
294,0.011362,0.988638
295,0.444969,0.555031
296,0.992418,0.007582
297,0.995119,0.004881
298,0.032395,0.967605
299,0.181304,0.818696
300,0.086524,0.913476
301,0.062746,0.937254
302,0.231587,0.768413
303,0.987614,0.012386
304,0.836716,0.163284
305,0.856331,0.143669
306,0.048459,0.951541
307,0.052312,0.947688
308,0.999042,0.000958
309,0.762490,0.237510
310,0.328414,0.671586
311,0.188453,0.811547
312,0.627473,0.372527
313,0.006411,0.993589
314,0.472482,0.527518
315,0.003133,0.996867
316,0.017831,0.982169
317,0.509293,0.490707
318,0.987136,0.012864
319,0.056014,0.943986
320,0.013481,0.986519
321,0.007494,0.992506
322,0.615784,0.384216
323,0.452453,0.547547
324,0.007901,0.992099
325,0.808972,0.191028
326,0.999700,0.000300
327,0.968204,0.031796
328,0.000000,1.000000
329,0.137419,0.862581
330,1.000000,0.000000
331,0.014218,0.985782
332,0.797065,0.202935
333,0.000000,1.000000
334,0.178077,0.821923
335,0.958294,0.041706
336,0.723080,0.276920
337,0.978441,0.021559
338,0.033821,0.966179
339,0.996539,0.003461
340,0.998735,0.001265
341,0.015155,0.984845
342,0.962519,0.037481
343,0.921574,0.078426
344,0.000002,0.999998
345,0.000001,0.999999
346,0.999766,0.000234
347,0.000018,0.999982
348,0.323252,0.676748
349,0.997745,0.002255
350,0.060383,0.939617
351,0.037770,0.962230
352,0.982516,0.017484
353,0.879644,0.120356
354,0.988885,0.011115
355,0.989918,0.010082
356,0.194209,0.805791
357,0.354249,0.645751
358,0.220252,0.779748
359,0.981007,0.018993
360,0.014068,0.985932
361,0.102913,0.897087
362,0.309634,0.690366
363,0.050209,0.949791
364,0.476854,0.523146
365,0.119127,0.880873
366,0.200362,0.799638
367,0.976876,0.023124
368,0.000000,1.000000
369,0.986001,0.013999
370,0.014336,0.985664
371,0.000000,1.000000
372,0.908344,0.091656
373,0.000000,1.000000
374,0.999231,0.000769
375,0.885915,0.114085
376,0.007596,0.992404
377,0.996218,0.003782
378,0.999768,0.000232
379,0.776783,0.223217
380,0.998988,0.001012
381,0.656382,0.343618
382,0.999042,0.000958
383,0.744775,0.255225
384,0.000000,1.000000
385,0.282730,0.717270
386,0.808326,0.191674
387,0.014691,0.985309
388,0.004379,0.995621
389,0.003036,0.996964
390,0.321824,0.678176
391,0.973476,0.026524
392,0.185574,0.814426
393,0.991357,0.008643
394,0.000002,0.999998
395,1.000000,0.000000
396,0.042165,0.957835
397,0.981265,0.018735
398,0.000000,1.000000
399,0.583349,0.416651
400,0.000003,0.999997
401,0.046663,0.953337
402,0.106216,0.893784
403,0.999808,0.000192
404,0.999934,0.000066
405,0.195017,0.804983
406,1.000000,0.000000
407,0.000000,1.000000
408,1.000000,0.000000
409,0.055085,0.944915
410,0.769141,0.230859
411,0.130199,0.869801
412,0.000006,0.999994
413,0.025497,0.974503
414,0.121507,0.878493
415,0.999995,0.000005
416,0.996218,0.003782
417,1.000000,0.000000
418,0.000001,0.999999
419,0.994971,0.005029
420,0.100780,0.899220
421,0.626263,0.373737
422,0.999977,0.000023
423,0.994763,0.005237
424,0.415629,0.584371
425,0.992156,0.007844
426,0.007423,0.992577
427,0.996273,0.003727
428,0.000006,0.999994
429,0.210796,0.789204
430,0.004558,0.995442
431,0.761075,0.238925
432,0.298565,0.701435
433,0.680907,0.319093
434,0.085236,0.914764
435,0.008976,0.991024
436,0.995767,0.004233
437,0.990426,0.009574
438,0.719295,0.280705
439,0.010240,0.989760
440,0.993661,0.006339
441,0.000000,1.000000
442,0.883227,0.116773
443,0.500000,0.500000
444,0.845693,0.154307
445,0.195396,0.804604
446,0.080030,0.919970
447,0.999999,0.000001
448,0.913810,0.086190
449,0.320651,0.679349
450,0.095017,0.904983
451,0.539506,0.460494
452,0.997235,0.002765
453,0.000000,1.000000
454,0.998943,0.001057
455,1.000000,0.000000
456,0.000000,1.000000
457,0.016995,0.983005
458,0.974442,0.025558
459,0.849855,0.150145
460,0.020958,0.979042
461,0.000000,1.000000
462,0.885877,0.114123
463,0.005009,0.994991
464,0.949751,0.050249
465,0.410060,0.589940
466,0.033821,0.966179
467,0.009330,0.990670
468,0.354690,0.645310
469,0.599623,0.400377
470,0.225823,0.774177
471,0.385250,0.614750
472,0.104674,0.895326
473,0.611504,0.388496
474,0.045753,0.954247
475,0.725813,0.274187
476,0.414746,0.585254
477,0.022912,0.977088
478,0.072442,0.927558
479,0.005360,0.994640
480,0.110505,0.889495
481,0.999496,0.000504
482,0.935515,0.064485
483,0.996986,0.003014
484,0.788061,0.211939
485,0.130232,0.869768
486,0.994879,0.005121
487,0.005514,0.994486
488,0.146757,0.853243
489,0.023493,0.976507
490,0.317390,0.682610
491,0.956142,0.043858
492,0.158002,0.841998
493,0.041401,0.958599
494,0.999315,0.000685
495,0.887797,0.112203
496,0.617538,0.382462
497,0.140547,0.859453
498,0.000000,1.000000
499,0.014860,0.985140
500,0.494401,0.505599
501,0.006587,0.993413
502,0.547790,0.452210
503,0.000001,0.999999
504,0.009562,0.990438
505,0.978440,0.021560
506,0.106268,0.893732
507,0.000000,1.000000
508,0.010876,0.989124
509,0.772747,0.227253
510,0.999847,0.000153
511,0.087224,0.912776
512,0.999941,0.000059
513,0.915362,0.084638
514,0.992751,0.007249
515,0.000000,1.000000
516,0.797467,0.202533
517,0.855536,0.144464
518,0.000000,1.000000
519,0.000000,1.000000
520,0.989130,0.010870
521,0.938715,0.061285
522,0.000001,0.999999
523,0.533596,0.466404
524,0.767984,0.232016
525,0.354299,0.645701
526,0.005414,0.994586
527,0.818009,0.181991
528,0.783200,0.216800
529,0.999556,0.000444
530,0.606038,0.393962
531,0.557288,0.442712
532,0.000000,1.000000
533,0.847688,0.152312
534,0.107980,0.892020
535,0.069420,0.930580
536,0.949793,0.050207
537,0.076010,0.923990
538,0.688455,0.311545
539,0.011558,0.988442
540,0.389548,0.610452
541,0.033821,0.966179
542,0.219442,0.780558
543,0.973270,0.026730
544,0.966997,0.033003
545,0.997476,0.002524
546,0.648149,0.351851
547,0.969742,0.030258
548,0.000006,0.999994
549,0.000000,1.000000
550,0.970357,0.029643
551,0.992111,0.007889
552,0.534976,0.465024
553,0.960356,0.039644
554,0.976482,0.023518
555,0.000000,1.000000
556,0.006929,0.993071
557,0.009637,0.990363
558,0.011974,0.988026
559,0.028294,0.971706
560,0.920442,0.079558
561,0.008269,0.991731
562,0.000000,1.000000
563,0.652327,0.347673
564,0.000001,0.999999
565,0.103074,0.896926
566,0.147151,0.852849
567,0.626950,0.373050
568,0.999896,0.000104
569,0.000000,1.000000
570,0.200729,0.799271
571,0.000000,1.000000
572,0.919927,0.080073
573,0.811945,0.188055
574,0.317222,0.682778
575,0.116284,0.883716
576,0.975319,0.024681
577,0.969771,0.030229
578,0.575779,0.424221
579,0.109605,0.890395
580,0.246479,0.753521
581,0.929226,0.070774
582,0.986361,0.013639
583,0.878970,0.121030
584,0.999330,0.000670
585,0.591907,0.408093
586,0.999997,0.000003
587,0.994212,0.005788
588,0.971084,0.028916
589,0.492252,0.507748
590,0.010163,0.989837
591,0.057763,0.942237
592,0.997300,0.002700
593,0.009120,0.990880
594,0.000000,1.000000
595,0.028308,0.971692
596,0.000009,0.999991
597,0.993715,0.006285
598,0.008066,0.991934
599,0.239613,0.760387
600,0.999728,0.000272
601,0.695537,0.304463
602,0.989283,0.010717
603,0.996585,0.003415
604,0.005075,0.994925
605,0.000009,0.999991
606,0.661086,0.338914
607,0.013214,0.986786
608,0.003537,0.996463
609,0.007003,0.992997
610,0.148141,0.851859
611,0.533662,0.466338
612,0.999983,0.000017
613,0.003623,0.996377
614,0.999913,0.000087
615,0.000000,1.000000
616,0.287363,0.712637
617,0.000004,0.999996
618,0.008333,0.991667
619,0.593910,0.406090
620,0.998479,0.001521
621,0.997841,0.002159
622,0.051381,0.948619
623,0.026152,0.973848
624,0.737416,0.262584
625,0.999940,0.000060
626,0.745060,0.254940
627,0.000000,1.000000
628,0.832429,0.167571
629,0.938096,0.061904
630,0.021521,0.978479
631,0.005947,0.994053
632,0.039739,0.960261
633,0.000000,1.000000
634,0.780396,0.219604
635,0.999022,0.000978
636,0.992591,0.007409
637,0.500000,0.500000
638,0.055431,0.944569
639,0.997605,0.002395
640,0.003518,0.996482
641,0.980329,0.019671
642,0.871427,0.128573
643,0.197501,0.802499
644,0.203992,0.796008
645,0.565146,0.434854
646,0.000000,1.000000
647,0.999966,0.000034
648,0.629885,0.370115
649,0.999577,0.000423
650,0.005071,0.994929
651,0.012721,0.987279
652,0.002857,0.997143
653,0.983440,0.016560
654,0.780498,0.219502
655,0.784686,0.215314
656,0.690286,0.309714
657,0.004176,0.995824
658,0.992387,0.007613
659,0.901677,0.098323
660,0.999957,0.000043
661,0.002540,0.997460
662,0.874859,0.125141
663,0.033072,0.966928
664,0.937545,0.062455
665,0.970337,0.029663
666,0.775821,0.224179
667,0.467576,0.532424
668,0.114048,0.885952
669,0.544532,0.455468
670,0.922090,0.077910
671,0.148285,0.851715
672,0.987443,0.012557
673,0.296796,0.703204
674,0.937203,0.062797
675,0.999573,0.000427
676,0.000016,0.999984
677,0.972896,0.027104
678,0.000002,0.999998
679,0.000001,0.999999
680,0.092530,0.907470
681,0.995875,0.004125
682,0.471006,0.528994
683,0.483843,0.516157
684,0.999988,0.000012
685,0.922883,0.077117
686,0.934574,0.065426
687,0.893763,0.106237
688,0.043186,0.956814
689,0.243962,0.756038
690,0.000000,1.000000
691,0.896063,0.103937
692,0.667347,0.332653
693,1.000000,0.000000
694,0.311199,0.688801
695,0.134846,0.865154
696,0.810522,0.189478
697,0.068975,0.931025
698,0.423863,0.576137
699,0.942782,0.057218
700,0.819671,0.180329
701,0.027658,0.972342
702,0.999894,0.000106
703,0.003195,0.996805
704,0.855113,0.144887
705,0.993751,0.006249
706,0.023072,0.976928
707,0.043462,0.956538
708,0.999211,0.000789
709,0.089957,0.910043
710,0.668713,0.331287
711,0.630456,0.369544
712,0.000001,0.999999
713,0.229950,0.770050
714,0.500000,0.500000
715,0.039051,0.960949
716,0.914223,0.085777
717,0.961304,0.038696
718,0.000000,1.000000
719,0.221643,0.778357
720,0.119851,0.880149
721,0.382505,0.617495
722,0.961327,0.038673
723,0.000010,0.999990
724,0.997797,0.002203
725,0.000000,1.000000
726,0.991337,0.008663
727,0.855555,0.144445
728,0.441232,0.558768
729,0.000000,1.000000
730,0.403415,0.596585
731,0.009054,0.990946
732,0.998729,0.001271
733,0.223215,0.776785
734,0.579931,0.420069
735,0.977127,0.022873
736,0.078160,0.921840
737,0.049215,0.950785
738,0.760995,0.239005
739,0.979746,0.020254
740,0.017270,0.982730
741,0.995939,0.004061
742,0.351796,0.648204
743,0.862500,0.137500
744,0.000000,1.000000
745,0.025219,0.974781
746,0.036691,0.963309
747,0.004150,0.995850
748,0.000000,1.000000
749,0.851494,0.148506
750,0.007713,0.992287
751,0.777279,0.222721
752,0.000006,0.999994
753,0.999999,0.000001
754,0.000001,0.999999
755,1.000000,0.000000
756,0.999953,0.000047
757,0.389759,0.610241
758,0.763840,0.236160
759,0.046096,0.953904
760,0.071325,0.928675
761,0.000000,1.000000
762,0.710314,0.289686
763,0.108250,0.891750
764,0.019893,0.980107
765,0.060665,0.939335
766,0.018622,0.981378
767,0.851678,0.148322
768,0.000016,0.999984
769,0.969551,0.030449
770,0.948596,0.051404
771,1.000000,0.000000
772,0.999129,0.000871
773,0.840377,0.159623
774,0.005732,0.994268
775,0.999927,0.000073
776,0.023539,0.976461
777,0.000000,1.000000
778,0.009729,0.990271
779,0.988802,0.011198
780,0.999966,0.000034
781,0.457085,0.542915
782,0.014866,0.985134
783,0.000000,1.000000
784,0.000012,0.999988
785,0.261794,0.738206
786,0.033821,0.966179
787,1.000000,0.000000
788,0.526717,0.473283
789,0.833317,0.166683
790,0.212262,0.787738
791,0.000000,1.000000
792,0.990933,0.009067
793,0.939668,0.060332
794,0.000000,1.000000
795,0.378298,0.621702
796,0.000001,0.999999
797,0.998010,0.001990
798,0.003344,0.996656
799,0.000012,0.999988
800,0.192679,0.807321
801,0.144437,0.855563
802,0.000000,1.000000
803,0.550664,0.449336
804,0.921366,0.078634
805,0.000001,0.999999
806,0.998225,0.001775
807,0.412676,0.587324
808,0.000002,0.999998
809,0.955459,0.044541
810,0.000000,1.000000
811,0.996557,0.003443
812,0.000010,0.999990
813,0.278056,0.721944
814,0.613359,0.386641
815,0.374772,0.625228
816,0.973205,0.026795
817,0.568951,0.431049
818,0.145991,0.854009
819,0.033821,0.966179
820,0.057256,0.942744
821,0.000004,0.999996
822,0.338985,0.661015
823,0.607847,0.392153
824,0.013109,0.986891
825,0.119729,0.880271
826,0.999715,0.000285
827,0.268247,0.731753
828,0.939967,0.060033
829,0.180213,0.819787
830,0.553423,0.446577
831,0.000001,0.999999
832,0.352696,0.647304
833,0.633039,0.366961
834,0.981168,0.018832
835,0.999045,0.000955
836,0.000000,1.000000
837,0.056895,0.943105
838,0.994467,0.005533
839,0.483423,0.516577
840,0.999996,0.000004
841,0.856168,0.143832
842,0.850251,0.149749
843,0.068788,0.931212
844,0.129264,0.870736
845,0.415737,0.584263
846,0.000000,1.000000
847,0.046837,0.953163
848,0.651873,0.348127
849,0.009325,0.990675
850,0.941030,0.058970
851,0.211977,0.788023
852,0.233532,0.766468
853,0.875801,0.124199
854,0.143071,0.856929
855,0.483358,0.516642
856,0.103062,0.896938
857,0.000002,0.999998
858,0.000001,0.999999
859,0.089244,0.910756
860,0.051758,0.948242
861,0.665407,0.334593
862,0.999849,0.000151
863,0.000000,1.000000
864,0.988110,0.011890
865,0.999591,0.000409
866,0.999917,0.000083
867,0.939251,0.060749
868,0.831404,0.168596
869,0.999280,0.000720
870,0.999552,0.000448
871,0.171683,0.828317
872,0.020455,0.979545
873,0.543537,0.456463
874,0.441802,0.558198
875,0.999514,0.000486
876,0.000000,1.000000
877,0.000000,1.000000
878,0.043709,0.956291
879,0.961661,0.038339
880,0.972249,0.027751
881,0.709079,0.290921
882,0.034806,0.965194
883,0.359536,0.640464
884,0.003118,0.996882
885,0.002573,0.997427
886,0.009275,0.990725
887,0.191419,0.808581
888,0.070229,0.929771
889,0.744167,0.255833
890,0.000000,1.000000
891,0.933216,0.066784
892,0.820393,0.179607
893,0.032941,0.967059
894,0.992087,0.007913
895,0.301213,0.698787
896,0.276433,0.723567
897,0.999454,0.000546
898,0.978759,0.021241
899,0.861756,0.138244
900,0.076989,0.923011
901,0.974625,0.025375
902,0.507964,0.492036
903,0.000011,0.999989
904,0.006779,0.993221
905,0.723065,0.276935
906,0.068025,0.931975
907,0.044590,0.955410
908,0.687057,0.312943
909,0.581273,0.418727
910,0.999999,0.000001
911,0.999999,0.000001
912,0.000000,1.000000
913,0.976876,0.023124
914,0.771239,0.228761
915,0.094168,0.905832
916,0.035438,0.964562
917,0.565762,0.434238
918,0.130614,0.869386
919,1.000000,0.000000
920,0.893678,0.106322
921,0.999670,0.000330
922,0.011165,0.988835
923,0.322524,0.677476
924,0.984594,0.015406
925,0.973780,0.026220
926,0.884466,0.115534
927,0.655823,0.344177
928,0.119383,0.880617
929,0.629626,0.370374
930,0.297973,0.702027
931,0.996308,0.003692
932,0.040556,0.959444
933,0.000002,0.999998
934,0.994346,0.005654
935,0.988050,0.011950
936,0.317441,0.682559
937,0.547851,0.452149
938,0.910716,0.089284
939,0.646038,0.353962
940,0.000002,0.999998
941,0.974382,0.025618
942,0.082388,0.917612
943,0.891693,0.108307
944,0.000000,1.000000
945,0.978427,0.021573
946,0.233551,0.766449
947,0.746991,0.253009
948,0.037896,0.962104
949,0.109476,0.890524
950,1.000000,0.000000
951,0.000000,1.000000
952,1.000000,0.000000
953,0.400906,0.599094
954,0.053115,0.946885
955,1.000000,0.000000
956,0.690798,0.309202
957,0.991506,0.008494
958,0.010447,0.989553
959,0.790934,0.209066
960,0.881514,0.118486
961,0.004438,0.995562
962,0.003158,0.996842
963,0.320794,0.679206
964,0.945378,0.054622
965,0.999997,0.000003
966,0.995080,0.004920
967,0.849947,0.150053
968,0.000000,1.000000
969,0.013732,0.986268
970,0.215874,0.784126
971,0.500000,0.500000
972,1.000000,0.000000
973,0.000007,0.999993
974,0.435625,0.564375
975,0.007278,0.992722
976,0.014910,0.985090
977,0.009985,0.990015
978,0.000000,1.000000
979,0.200845,0.799155
980,0.958907,0.041093
981,0.986401,0.013599
982,0.242658,0.757342
983,0.000004,0.999996
984,0.996218,0.003782
985,0.000000,1.000000
986,0.123923,0.876077
987,0.073153,0.926847
988,0.006322,0.993678
989,0.000001,0.999999
990,0.000000,1.000000
991,0.052116,0.947884
992,1.000000,0.000000
993,0.987675,0.012325
994,0.975311,0.024689
995,0.825326,0.174674
996,0.995920,0.004080
997,0.630494,0.369506
998,0.830414,0.169586
999,0.000008,0.999992
1000,0.009308,0.990692
1001,0.018372,0.981628
1002,0.000001,0.999999
1003,0.108557,0.891443
1004,0.000001,0.999999
1005,0.532793,0.467207
1006,0.053705,0.946295
1007,0.018446,0.981554
1008,0.952193,0.047807
1009,0.999566,0.000434
1010,0.998492,0.001508
1011,0.955122,0.044878
1012,0.133116,0.866884
1013,0.714633,0.285367
1014,0.000001,0.999999
1015,0.025878,0.974122
1016,0.000000,1.000000
1017,0.065390,0.934610
1018,0.022734,0.977266
1019,0.076690,0.923310
1020,0.000001,0.999999
1021,0.032823,0.967177
1022,0.004541,0.995459
1023,0.967211,0.032789
1024,0.045760,0.954240
1025,0.439318,0.560682
1026,0.788698,0.211302
1027,0.051498,0.948502
1028,0.569457,0.430543
1029,0.951835,0.048165
1030,0.977844,0.022156
1031,0.531816,0.468184
1032,0.700244,0.299756
1033,0.017532,0.982468
1034,0.699807,0.300193
1035,0.352438,0.647562
1036,0.086671,0.913329
1037,0.015173,0.984827
1038,0.004976,0.995024
1039,0.038780,0.961220
1040,0.139519,0.860481
1041,0.991234,0.008766
1042,0.000000,1.000000
1043,0.999993,0.000007
1044,0.988627,0.011373
1045,0.990280,0.009720
1046,0.366222,0.633778
1047,0.223414,0.776586
1048,0.000000,1.000000
1049,0.998386,0.001614
1050,1.000000,0.000000
1051,0.184844,0.815156
1052,0.154741,0.845259
1053,0.000000,1.000000
1054,0.990688,0.009312
1055,0.999983,0.000017
1056,0.000001,0.999999
1057,0.267653,0.732347
1058,0.063327,0.936673
1059,0.531135,0.468865
1060,1.000000,0.000000
1061,0.736743,0.263257
1062,0.740127,0.259873
1063,0.000000,1.000000
1064,0.000011,0.999989
1065,0.169119,0.830881
1066,0.013718,0.986282
1067,0.248336,0.751664
1068,0.994120,0.005880
1069,0.000000,1.000000
1070,0.014355,0.985645
1071,0.005448,0.994552
1072,0.013880,0.986120
1073,0.013173,0.986827
1074,0.943313,0.056687
1075,0.868482,0.131518
1076,0.012699,0.987301
1077,0.992372,0.007628
1078,0.874645,0.125355
1079,1.000000,0.000000
1080,0.025277,0.974723
1081,0.999998,0.000002
1082,0.635199,0.364801
1083,0.090131,0.909869
1084,0.158559,0.841441
1085,0.000007,0.999993
1086,0.090525,0.909475
1087,0.115269,0.884731
1088,0.999760,0.000240
1089,0.000001,0.999999
1090,0.455792,0.544208
1091,0.904883,0.095117
1092,0.999723,0.000277
1093,0.999351,0.000649
1094,0.999951,0.000049
1095,0.963082,0.036918
1096,0.999013,0.000987
1097,0.007549,0.992451
1098,0.139428,0.860572
1099,0.169155,0.830845
1100,0.000005,0.999995
1101,0.614361,0.385639
1102,0.196787,0.803213
1103,0.000000,1.000000
1104,0.350803,0.649197
1105,0.999408,0.000592
1106,0.991944,0.008056
1107,0.886213,0.113787
1108,0.234965,0.765035
1109,0.890013,0.109987
1110,0.004680,0.995320
1111,0.021451,0.978549
1112,0.719883,0.280117
1113,0.999077,0.000923
1114,0.162832,0.837168
1115,0.932309,0.067691
1116,0.196098,0.803902
1117,0.200690,0.799310
1118,0.968881,0.031119
1119,0.956362,0.043638
1120,0.567480,0.432520
1121,0.000000,1.000000
1122,0.000012,0.999988
1123,0.890527,0.109473
1124,0.961888,0.038112
1125,0.997399,0.002601
1126,0.997517,0.002483
1127,0.811937,0.188063
1128,0.999118,0.000882
1129,0.988521,0.011479
1130,0.015773,0.984227
1131,0.051576,0.948424
1132,0.060592,0.939408
1133,0.138958,0.861042
1134,0.047524,0.952476
1135,0.950315,0.049685
1136,0.614765,0.385235
1137,0.353935,0.646065
1138,0.000005,0.999995
1139,0.017804,0.982196
1140,0.020807,0.979193
1141,0.835377,0.164623
1142,0.995335,0.004665
1143,0.000000,1.000000
1144,0.000000,1.000000
1145,0.133727,0.866273
1146,0.939861,0.060139
1147,0.994314,0.005686
1148,0.003085,0.996915
1149,0.090216,0.909784
1150,0.999924,0.000076
1151,0.956055,0.043945
1152,0.190615,0.809385
1153,0.000000,1.000000
1154,0.250778,0.749222
1155,1.000000,0.000000
1156,0.990998,0.009002
1157,0.000000,1.000000
1158,1.000000,0.000000
1159,0.000001,0.999999
1160,0.971586,0.028414
1161,0.000003,0.999997
1162,0.014734,0.985266
1163,0.889222,0.110778
1164,0.328807,0.671193
1165,0.029223,0.970777
1166,0.000000,1.000000
1167,0.956731,0.043269
1168,0.010235,0.989765
1169,0.000002,0.999998
1170,0.590552,0.409448
1171,0.042556,0.957444
1172,0.999981,0.000019
1173,0.999988,0.000012
1174,0.999959,0.000041
1175,0.999939,0.000061
1176,0.999999,0.000001
1177,0.881828,0.118172
1178,0.775898,0.224102
1179,0.320694,0.679306
1180,0.011624,0.988376
1181,0.000000,1.000000
1182,0.935802,0.064198
1183,0.970535,0.029465
1184,0.629812,0.370188
1185,0.995092,0.004908
1186,0.827084,0.172916
1187,0.162624,0.837376
1188,0.000000,1.000000
1189,0.000004,0.999996
1190,0.636302,0.363698
1191,0.839114,0.160886
1192,0.958254,0.041746
1193,0.575728,0.424272
1194,0.000007,0.999993
1195,0.000008,0.999992
1196,0.958373,0.041627
1197,0.951537,0.048463
1198,0.000000,1.000000
1199,0.025801,0.974199
1200,0.904686,0.095314
1201,0.999999,0.000001
1202,0.983692,0.016308
1203,0.648890,0.351110
1204,0.988469,0.011531
1205,0.999989,0.000011
1206,0.011106,0.988894
1207,0.000000,1.000000
1208,0.999998,0.000002
1209,0.992943,0.007057
1210,0.000000,1.000000
1211,0.999993,0.000007
1212,0.000003,0.999997
1213,0.000000,1.000000
1214,0.003035,0.996965
1215,0.150797,0.849203
1216,0.999963,0.000037
1217,0.999657,0.000343
1218,1.000000,0.000000
1219,0.243380,0.756620
1220,0.999940,0.000060
1221,0.955433,0.044567
1222,0.027947,0.972053
1223,0.000000,1.000000
1224,0.467771,0.532229
1225,0.602231,0.397769
1226,0.999971,0.000029
1227,0.207169,0.792831
1228,0.173379,0.826621
1229,0.033821,0.966179
1230,0.995936,0.004064
1231,0.444583,0.555417
1232,0.099903,0.900097
1233,0.912547,0.087453
1234,0.999999,0.000001
1235,0.949291,0.050709
1236,0.999847,0.000153
1237,0.000000,1.000000
1238,0.063552,0.936448
1239,0.987605,0.012395
1240,0.000000,1.000000
1241,0.558454,0.441546
1242,0.105095,0.894905
1243,0.250144,0.749856
1244,0.204631,0.795369
1245,0.000016,0.999984
1246,0.192903,0.807097
1247,0.003669,0.996331
1248,0.991968,0.008032
1249,0.000017,0.999983
1250,0.634880,0.365120
1251,1.000000,0.000000
1252,1.000000,0.000000
1253,1.000000,0.000000
1254,0.011139,0.988861
1255,0.989242,0.010758
1256,0.041526,0.958474
1257,0.000000,1.000000
1258,0.922449,0.077551
1259,0.117205,0.882795
1260,0.023467,0.976533
1261,0.129932,0.870068
1262,0.004356,0.995644
1263,0.639740,0.360260
1264,0.228293,0.771707
1265,0.981348,0.018652
1266,0.999999,0.000001
1267,0.015867,0.984133
1268,0.178840,0.821160
1269,0.091739,0.908261
1270,1.000000,0.000000
1271,0.174032,0.825968
1272,0.420174,0.579826
1273,0.004269,0.995731
1274,0.000000,1.000000
1275,0.018247,0.981753
1276,0.111210,0.888790
1277,0.995064,0.004936
1278,0.175937,0.824063
1279,0.000000,1.000000
1280,0.000003,0.999997
1281,0.931424,0.068576
1282,0.992480,0.007520
1283,0.258200,0.741800
1284,0.000000,1.000000
1285,0.141173,0.858827
1286,0.998054,0.001946
1287,0.985324,0.014676
1288,0.000017,0.999983
1289,0.389756,0.610244
1290,0.008034,0.991966
1291,0.987914,0.012086
1292,0.069332,0.930668
1293,0.006925,0.993075
1294,0.996662,0.003338
1295,0.999997,0.000003
1296,0.999683,0.000317
1297,1.000000,0.000000
1298,0.000000,1.000000
1299,0.009754,0.990246
1300,0.925799,0.074201
1301,1.000000,0.000000
1302,0.023850,0.976150
1303,0.999968,0.000032
1304,0.999997,0.000003
1305,0.263594,0.736406
1306,0.121247,0.878753
1307,0.033821,0.966179
1308,0.924159,0.075841
1309,0.997520,0.002480
1310,0.064851,0.935149
1311,0.098848,0.901152
1312,0.998521,0.001479
1313,0.516497,0.483503
1314,0.999972,0.000028
1315,0.964781,0.035219
1316,0.952335,0.047665
1317,1.000000,0.000000
1318,0.957937,0.042063
1319,1.000000,0.000000
1320,0.999313,0.000687
1321,1.000000,0.000000
1322,0.973605,0.026395
1323,0.721819,0.278181
1324,0.719849,0.280151
1325,0.977557,0.022443
1326,0.002799,0.997201
1327,1.000000,0.000000
1328,0.273510,0.726490
1329,0.012941,0.987059
1330,0.000002,0.999998
1331,0.265139,0.734861
1332,0.999991,0.000009
1333,0.998773,0.001227
1334,1.000000,0.000000
1335,0.984091,0.015909
1336,0.011792,0.988208
1337,1.000000,0.000000
1338,0.172907,0.827093
1339,0.965350,0.034650
1340,0.000000,1.000000
1341,0.000000,1.000000
1342,0.000000,1.000000
1343,0.265707,0.734293
1344,1.000000,0.000000
1345,0.000000,1.000000
1346,1.000000,0.000000
1347,1.000000,0.000000
1348,1.000000,0.000000
1349,0.178466,0.821534
1350,0.004801,0.995199
1351,0.000003,0.999997
1352,0.996129,0.003871
1353,0.483884,0.516116
1354,1.000000,0.000000
1355,1.000000,0.000000
1356,0.012950,0.987050
1357,1.000000,0.000000
1358,0.542378,0.457622
1359,0.047793,0.952207
1360,0.894914,0.105086
1361,0.032536,0.967464
1362,0.996138,0.003862
1363,0.000005,0.999995
1364,0.965444,0.034556
1365,0.427590,0.572410
1366,0.994489,0.005511
1367,0.441017,0.558983
1368,0.224571,0.775429
1369,0.861128,0.138872
1370,0.005523,0.994477
1371,0.966397,0.033603
1372,0.999599,0.000401
1373,0.029312,0.970688
1374,0.010915,0.989085
1375,0.000000,1.000000
1376,0.533500,0.466500
1377,0.007588,0.992412
1378,1.000000,0.000000
1379,0.306498,0.693502
1380,0.827883,0.172117
1381,0.372282,0.627718
1382,0.006395,0.993605
1383,1.000000,0.000000
1384,0.721745,0.278255
1385,0.006157,0.993843
1386,0.009812,0.990188
1387,0.030950,0.969050
1388,0.087536,0.912464
1389,1.000000,0.000000
1390,0.000000,1.000000
1391,0.871044,0.128956
1392,0.993396,0.006604
1393,0.014479,0.985521
1394,1.000000,0.000000
1395,0.440679,0.559321
1396,0.058371,0.941629
1397,0.029656,0.970344
1398,0.196577,0.803423
1399,0.125319,0.874681
1400,0.999544,0.000456
1401,1.000000,0.000000
1402,0.205702,0.794298
1403,0.334940,0.665060
1404,0.999968,0.000032
1405,0.000015,0.999985
1406,0.346491,0.653509
1407,0.996740,0.003260
1408,0.968201,0.031799
1409,0.322424,0.677576
1410,0.072930,0.927070
1411,0.285001,0.714999
1412,0.839718,0.160282
1413,0.999072,0.000928
1414,0.557785,0.442215
1415,0.000000,1.000000
1416,0.802079,0.197921
1417,0.043750,0.956250
1418,0.970214,0.029786
1419,0.924540,0.075460
1420,0.013613,0.986387
1421,0.006237,0.993763
1422,1.000000,0.000000
1423,1.000000,0.000000
1424,0.999983,0.000017
1425,0.008467,0.991533
1426,1.000000,0.000000
1427,1.000000,0.000000
1428,1.000000,0.000000
1429,0.101357,0.898643
1430,1.000000,0.000000
1431,0.023922,0.976078
1432,0.731587,0.268413
1433,0.999625,0.000375
1434,0.989205,0.010795
1435,0.999917,0.000083
1436,0.006939,0.993061
1437,0.094883,0.905117
1438,0.999964,0.000036
1439,0.000000,1.000000
1440,0.000001,0.999999
1441,1.000000,0.000000
1442,0.956067,0.043933
1443,0.980515,0.019485
1444,0.988339,0.011661
1445,1.000000,0.000000
1446,0.994171,0.005829
1447,0.930694,0.069306
1448,0.134356,0.865644
1449,0.000000,1.000000
1450,0.878931,0.121069
1451,0.999830,0.000170
1452,0.999811,0.000189
1453,0.000000,1.000000
1454,0.998854,0.001146
1455,0.091534,0.908466
1456,0.000012,0.999988
1457,1.000000,0.000000
1458,0.000000,1.000000
1459,0.000001,0.999999
1460,1.000000,0.000000
1461,1.000000,0.000000
1462,1.000000,0.000000
1463,0.072129,0.927871
1464,1.000000,0.000000
1465,1.000000,0.000000
1466,1.000000,0.000000
1467,0.009728,0.990272
1468,0.110247,0.889753
1469,0.993060,0.006940
1470,0.579691,0.420309
1471,1.000000,0.000000
1472,0.373454,0.626546
1473,0.151758,0.848242
1474,0.526208,0.473792
1475,0.083377,0.916623
1476,0.923525,0.076475
1477,0.113056,0.886944
1478,0.076440,0.923560
1479,1.000000,0.000000
1480,0.353661,0.646339
1481,0.999997,0.000003
1482,0.032186,0.967814
1483,0.955359,0.044641
1484,0.018668,0.981332
1485,0.106975,0.893025
1486,0.051267,0.948733
1487,0.998300,0.001700
1488,0.885411,0.114589
1489,0.073061,0.926939
1490,1.000000,0.000000
1491,0.038421,0.961579
1492,0.354044,0.645956
1493,0.995551,0.004449
1494,0.072607,0.927393
1495,0.999881,0.000119
1496,0.999525,0.000475
1497,0.104675,0.895325
1498,0.005670,0.994330
1499,0.654561,0.345439
1500,0.996229,0.003771
1501,0.000000,1.000000
1502,0.921295,0.078705
1503,0.998215,0.001785
1504,0.208930,0.791070
1505,0.821221,0.178779
1506,0.999883,0.000117
1507,0.939514,0.060486
1508,0.760194,0.239806
1509,0.002797,0.997203
1510,0.217757,0.782243
1511,0.989112,0.010888
1512,0.999586,0.000414
1513,0.999909,0.000091
1514,0.000000,1.000000
1515,0.516262,0.483738
1516,0.000004,0.999996
1517,0.915211,0.084789
1518,0.544009,0.455991
1519,0.987207,0.012793
1520,0.068081,0.931919
1521,1.000000,0.000000
1522,0.000004,0.999996
1523,0.000000,1.000000
1524,0.042847,0.957153
1525,0.999348,0.000652
1526,1.000000,0.000000
1527,0.996456,0.003544
1528,0.993009,0.006991
1529,0.017719,0.982281
1530,0.000000,1.000000
1531,1.000000,0.000000
1532,0.999338,0.000662
1533,1.000000,0.000000
1534,1.000000,0.000000
1535,0.999606,0.000394
1536,0.095861,0.904139
1537,0.223798,0.776202
1538,0.933253,0.066747
1539,0.000000,1.000000
1540,0.822062,0.177938
1541,1.000000,0.000000
1542,0.014071,0.985929
1543,0.002650,0.997350
1544,0.000000,1.000000
1545,0.932383,0.067617
1546,0.981810,0.018190
1547,0.012659,0.987341
1548,0.383252,0.616748
1549,0.645199,0.354801
1550,0.623377,0.376623
1551,1.000000,0.000000
1552,0.228660,0.771340
1553,0.011797,0.988203
1554,0.003223,0.996777
1555,0.000007,0.999993
1556,0.079418,0.920582
1557,1.000000,0.000000
1558,0.015714,0.984286
1559,0.769007,0.230993
1560,0.116085,0.883915
1561,0.999997,0.000003
1562,0.000000,1.000000
1563,0.000000,1.000000
1564,0.049840,0.950160
1565,0.595024,0.404976
1566,0.999998,0.000002
1567,0.971109,0.028891
1568,0.838051,0.161949
1569,0.995983,0.004017
1570,0.999999,0.000001
1571,0.041344,0.958656
1572,0.796388,0.203612
1573,0.019275,0.980725
1574,0.025451,0.974549
1575,0.791698,0.208302
1576,0.999457,0.000543
1577,0.840008,0.159992
1578,0.999979,0.000021
1579,0.114484,0.885516
1580,0.811040,0.188960
1581,0.002921,0.997079
1582,0.017378,0.982622
1583,0.361639,0.638361
1584,0.858128,0.141872
1585,0.000000,1.000000
1586,0.000000,1.000000
1587,0.000000,1.000000
1588,0.896314,0.103686
1589,0.334765,0.665235
1590,0.646200,0.353800
1591,0.000000,1.000000
1592,0.033821,0.966179
1593,0.003702,0.996298
1594,0.006082,0.993918
1595,0.884890,0.115110
1596,0.050919,0.949081
1597,0.995718,0.004282
1598,0.992246,0.007754
1599,0.240294,0.759706
1600,0.989289,0.010711
1601,0.999515,0.000485
1602,0.014751,0.985249
1603,0.000007,0.999993
1604,0.774330,0.225670
1605,0.081703,0.918297
1606,0.774332,0.225668
1607,0.999548,0.000452
1608,1.000000,0.000000
1609,0.702876,0.297124
1610,0.414837,0.585163
1611,0.999964,0.000036
1612,0.967327,0.032673
1613,1.000000,0.000000
1614,0.000000,1.000000
1615,0.161307,0.838693
1616,0.999403,0.000597
1617,0.916366,0.083634
1618,0.764764,0.235236
1619,0.997134,0.002866
1620,0.000000,1.000000
1621,0.351998,0.648002
1622,0.326940,0.673060
1623,0.000000,1.000000
1624,0.000000,1.000000
1625,0.993196,0.006804
1626,0.044203,0.955797
1627,0.999963,0.000037
1628,0.999679,0.000321
1629,0.998990,0.001010
1630,0.914047,0.085953
1631,0.172980,0.827020
1632,0.797010,0.202990
1633,0.980441,0.019559
1634,0.349988,0.650012
1635,0.000000,1.000000
1636,0.812511,0.187489
1637,0.999997,0.000003
1638,0.049181,0.950819
1639,0.180975,0.819025
1640,0.000004,0.999996
1641,0.094946,0.905054
1642,0.041992,0.958008
1643,0.853674,0.146326
1644,0.011106,0.988894
1645,0.000000,1.000000
1646,1.000000,0.000000
1647,0.698443,0.301557
1648,0.999994,0.000006
1649,0.002738,0.997262
1650,0.043618,0.956382
1651,0.000005,0.999995
1652,0.884295,0.115705
1653,0.999985,0.000015
1654,0.999768,0.000232
1655,0.000003,0.999997
1656,0.211664,0.788336
1657,0.099729,0.900271
1658,0.012352,0.987648
1659,0.546144,0.453856
1660,0.317999,0.682001
1661,1.000000,0.000000
1662,1.000000,0.000000
1663,0.030437,0.969563
1664,0.998287,0.001713
1665,0.010167,0.989833
1666,0.000000,1.000000
1667,0.278675,0.721325
1668,0.988531,0.011469
1669,0.041310,0.958690
1670,0.007279,0.992721
1671,0.000000,1.000000
1672,0.874871,0.125129
1673,0.999122,0.000878
1674,0.262401,0.737599
1675,0.000009,0.999991
1676,0.009712,0.990288
1677,0.385154,0.614846
1678,0.377431,0.622569
1679,0.000009,0.999991
1680,0.978671,0.021329
1681,1.000000,0.000000
1682,1.000000,0.000000
1683,0.999996,0.000004
1684,0.821948,0.178052
1685,0.210247,0.789753
1686,0.004104,0.995896
1687,0.012758,0.987242
1688,0.012809,0.987191
1689,0.990279,0.009721
1690,0.803896,0.196104
1691,0.608387,0.391613
1692,1.000000,0.000000
1693,0.511187,0.488813
1694,0.257570,0.742430
1695,0.996977,0.003023
1696,0.955092,0.044908
1697,0.453653,0.546347
1698,0.857855,0.142145
1699,0.198156,0.801844
1700,0.329166,0.670834
